wave flux
1043.4427900146843 0.0
1044.4427900146843 0.0
1045.4427900146843 0.0
1046.4427900146843 0.0
1047.4427900146843 0.0
1048.4427900146843 0.0
1049.4427900146843 0.0
1050.4427900146843 0.0
1051.4427900146843 0.0
1052.4427900146843 0.0
1053.4427900146843 0.0
1054.4427900146843 0.0
1055.4427900146843 0.0
1056.4427900146843 0.0
1057.4427900146843 0.0
1058.4427900146843 0.0
1059.4427900146843 0.0
1060.4427900146843 0.0
1061.4427900146843 0.0
1062.4427900146843 0.0
1063.4427900146843 0.0
1064.4427900146843 0.0
1065.4427900146843 0.0
1066.4427900146843 0.0
1067.4427900146843 0.0
1068.4427900146843 0.0
1069.4427900146843 0.0
1070.4427900146843 0.0
1071.4427900146843 0.0
1072.4427900146843 0.0
1073.4427900146843 0.0
1074.4427900146843 0.0
1075.4427900146843 0.0
1076.4427900146843 0.0
1077.4427900146843 0.0
1078.4427900146843 0.0
1079.4427900146843 0.0
1080.4427900146843 0.0
1081.4427900146843 0.0
1082.4427900146843 0.0
1083.4427900146843 0.0
1084.4427900146843 0.0
1085.4427900146843 0.0
1086.4427900146843 0.0
1087.4427900146843 0.0
1088.4427900146843 0.0
1089.4427900146843 0.0
1090.4427900146843 0.0
1091.4427900146843 0.0
1092.4427900146843 0.0
1093.4427900146843 0.0
1094.4427900146843 0.0
1095.4427900146843 0.0
1096.4427900146843 0.0
1097.4427900146843 0.0
1098.4427900146843 0.0
1099.4427900146843 0.0
1100.4427900146843 0.0
1101.4427900146843 0.0
1102.4427900146843 0.0
1103.4427900146843 0.0
1104.4427900146843 0.0
1105.4427900146843 0.0
1106.4427900146843 0.0
1107.4427900146843 0.0
1108.4427900146843 0.0
1109.4427900146843 0.0
1110.4427900146843 0.0
1111.4427900146843 0.0
1112.4427900146843 0.0
1113.4427900146843 0.0
1114.4427900146843 0.0
1115.4427900146843 0.0
1116.4427900146843 0.0
1117.4427900146843 0.0
1118.4427900146843 0.0
1119.4427900146843 0.0
1120.4427900146843 0.0
1121.4427900146843 0.0
1122.4427900146843 0.0
1123.4427900146843 0.0
1124.4427900146843 0.0
1125.4427900146843 0.0
1126.4427900146843 0.0
1127.4427900146843 0.0
1128.4427900146843 0.0
1129.4427900146843 0.0
1130.4427900146843 0.0
1131.4427900146843 0.0
1132.4427900146843 0.0
1133.4427900146843 0.0
1134.4427900146843 0.0
1135.4427900146843 0.0
1136.4427900146843 0.0
1137.4427900146843 0.0
1138.4427900146843 0.0
1139.4427900146843 0.0
1140.4427900146843 0.0
1141.4427900146843 0.0
1142.4427900146843 0.0
1143.4427900146843 0.0
1144.4427900146843 0.0
1145.4427900146843 0.0
1146.4427900146843 0.0
1147.4427900146843 0.0
1148.4427900146843 0.0
1149.4427900146843 0.0
1150.4427900146843 0.0
1151.4427900146843 0.0
1152.4427900146843 0.0
1153.4427900146843 0.0
1154.4427900146843 0.0
1155.4427900146843 0.0
1156.4427900146843 0.0
1157.4427900146843 0.0
1158.4427900146843 0.0
1159.4427900146843 0.0
1160.4427900146843 0.0
1161.4427900146843 0.0
1162.4427900146843 0.0
1163.4427900146843 0.0
1164.4427900146843 0.0
1165.4427900146843 0.0
1166.4427900146843 0.0
1167.4427900146843 0.0
1168.4427900146843 0.0
1169.4427900146843 0.0
1170.4427900146843 0.0
1171.4427900146843 0.0
1172.4427900146843 0.0
1173.4427900146843 0.0
1174.4427900146843 0.0
1175.4427900146843 0.0
1176.4427900146843 0.0
1177.4427900146843 0.0
1178.4427900146843 0.0
1179.4427900146843 0.0
1180.4427900146843 0.0
1181.4427900146843 0.0
1182.4427900146843 0.0
1183.4427900146843 0.0
1184.4427900146843 0.0
1185.4427900146843 0.0
1186.4427900146843 0.0
1187.4427900146843 0.0
1188.4427900146843 0.0
1189.4427900146843 0.0
1190.4427900146843 0.0
1191.4427900146843 0.0
1192.4427900146843 0.0
1193.4427900146843 0.0
1194.4427900146843 0.0
1195.4427900146843 0.0
1196.4427900146843 0.0
1197.4427900146843 0.0
1198.4427900146843 0.0
1199.4427900146843 0.0
1200.4427900146843 0.0
1201.4427900146843 0.0
1202.4427900146843 0.0692281424999237
1203.4427900146843 0.10911364108324051
1204.4427900146843 0.35913795232772827
1205.4427900146843 0.3796629309654236
1206.4427900146843 0.996401846408844
1207.4427900146843 1.1398845911026
1208.4427900146843 1.622517466545105
1209.4427900146843 2.719719171524048
1210.4427900146843 3.4312963485717773
1211.4427900146843 3.8547372817993164
1212.4427900146843 4.458173751831055
1213.4427900146843 7.376108646392822
1214.4427900146843 9.497899055480957
1215.4427900146843 9.497899055480957
1216.4427900146843 9.497899055480957
1217.4427900146843 8.461594581604004
1218.4427900146843 6.502545356750488
1219.4427900146843 5.9892778396606445
1220.4427900146843 4.941094398498535
1221.4427900146843 4.112792015075684
1222.4427900146843 3.590454339981079
1223.4427900146843 3.451101303100586
1224.4427900146843 3.1131033897399902
1225.4427900146843 2.998771905899048
1226.4427900146843 2.987900733947754
1227.4427900146843 2.45111083984375
1228.4427900146843 2.45111083984375
1229.4427900146843 2.45111083984375
1230.4427900146843 2.369832992553711
1231.4427900146843 2.45111083984375
1232.4427900146843 2.5242390632629395
1233.4427900146843 2.5242390632629395
1234.4427900146843 2.5242390632629395
1235.4427900146843 2.5242390632629395
1236.4427900146843 2.5242390632629395
1237.4427900146843 2.7696471214294434
1238.4427900146843 2.7696471214294434
1239.4427900146843 2.5236387252807617
1240.4427900146843 2.5973894596099854
1241.4427900146843 2.4483261108398438
1242.4427900146843 2.3394906520843506
1243.4427900146843 2.2949118614196777
1244.4427900146843 2.1116092205047607
1245.4427900146843 1.7454215288162231
1246.4427900146843 1.7392234802246094
1247.4427900146843 1.7392234802246094
1248.4427900146843 1.6499375104904175
1249.4427900146843 1.3687649965286255
1250.4427900146843 1.4496616125106812
1251.4427900146843 1.197165846824646
1252.4427900146843 1.1798676252365112
1253.4427900146843 1.1798676252365112
1254.4427900146843 1.291433572769165
1255.4427900146843 1.1956651210784912
1256.4427900146843 1.291433572769165
1257.4427900146843 1.291433572769165
1258.4427900146843 1.2755144834518433
1259.4427900146843 1.2755144834518433
1260.4427900146843 1.3300468921661377
1261.4427900146843 1.2755144834518433
1262.4427900146843 1.1621649265289307
1263.4427900146843 1.1831501722335815
1264.4427900146843 1.1831501722335815
1265.4427900146843 0.9773638844490051
1266.4427900146843 0.9773638844490051
1267.4427900146843 0.9359638690948486
1268.4427900146843 0.8023738265037537
1269.4427900146843 0.8023738265037537
1270.4427900146843 0.9359638690948486
1271.4427900146843 0.9359638690948486
1272.4427900146843 0.8032523393630981
1273.4427900146843 1.05531644821167
1274.4427900146843 1.05531644821167
1275.4427900146843 1.05531644821167
1276.4427900146843 1.05531644821167
1277.4427900146843 1.115638017654419
1278.4427900146843 1.2364881038665771
1279.4427900146843 1.115638017654419
1280.4427900146843 1.115638017654419
1281.4427900146843 1.115638017654419
1282.4427900146843 1.1367502212524414
1283.4427900146843 1.1367502212524414
1284.4427900146843 1.1367502212524414
1285.4427900146843 0.7526706457138062
1286.4427900146843 0.7526706457138062
1287.4427900146843 0.7526706457138062
1288.4427900146843 0.5599961876869202
1289.4427900146843 0.7526706457138062
1290.4427900146843 1.0817784070968628
1291.4427900146843 1.0817784070968628
1292.4427900146843 0.9143610000610352
1293.4427900146843 1.0817784070968628
1294.4427900146843 0.9143610000610352
1295.4427900146843 0.9143610000610352
1296.4427900146843 1.2427003383636475
1297.4427900146843 1.2427003383636475
1298.4427900146843 0.8897949457168579
1299.4427900146843 1.2427003383636475
1299.5 0.9402534700998207
1300.5 1.0277118224686714
1301.5 0.944371724525989
1302.5 1.058216332607837
1303.5 1.0292132537380447
1304.5 1.0271901370586523
1305.5 1.04342062807421
1306.5 0.9885407685655023
1307.5 1.0469819560983087
1308.5 0.9726654379632681
1309.5 0.9709482842031564
1310.5 0.9134133468564205
1311.5 0.9301330355367908
1312.5 0.9587051092251463
1313.5 0.8943027866891067
1314.5 0.8955909618159216
1315.5 0.8629422174998875
1316.5 0.8880782234046167
1317.5 0.8776467651124472
1318.5 0.8782422791336072
1319.5 0.8306066617975784
1320.5 0.8428077884671704
1321.5 0.7989084690758483
1322.5 0.8083154533583755
1323.5 0.8278088453492259
1324.5 0.8722033132356016
1325.5 0.8603933812232447
1326.5 0.8454632256289475
1327.5 0.9291116283480657
1328.5 0.8197813830143553
1329.5 0.8517910755226429
1330.5 0.9014829352061478
1331.5 0.9202567806836799
1332.5 0.8512593316993506
1333.5 0.9055339260821635
1334.5 0.924736963995466
1335.5 0.8991605736476473
1336.5 0.8391812348960913
1337.5 0.8140380467241267
1338.5 0.8649635006050947
1339.5 0.896562453645549
1340.5 0.8367954307739259
1341.5 0.8682798827761818
1342.5 0.8321423093236782
1343.5 0.8692742620495967
1344.5 0.8248884883388743
1345.5 0.8658650633311368
1346.5 0.8723445784641842
1347.5 0.8815538916407123
1348.5 0.7622029210456379
1349.5 0.8458945582613997
1350.5 0.8296511949688171
1351.5 0.76666907729319
1352.5 0.827413373564574
1353.5 0.7895711259475003
1354.5 0.821607603516687
1355.5 0.8327298485214406
1356.5 0.8555977429590219
1357.5 0.7877109135846933
1358.5 0.8064200190266417
1359.5 0.8470830999189248
1360.5 0.8158373830879219
1361.5 0.8578627598023868
1362.5 0.8160926305367175
1363.5 0.8614145970012042
1364.5 0.8175979113435645
1365.5 0.8111207350720944
1366.5 0.8607082687085027
1367.5 0.8485477885276771
1368.5 0.9250512064805749
1369.5 0.9076899145816594
1370.5 0.8970590629153711
1371.5 0.8213927888122857
1372.5 0.866456857553421
1373.5 0.8498957200910353
1374.5 0.8920654472009322
1375.5 0.8590700563901167
1376.5 0.8925013966560198
1377.5 0.9154175634409334
1378.5 0.8927151960990941
1379.5 0.9105592099015796
1380.5 0.894836379340828
1381.5 0.9342433964169945
1382.5 0.9204101543757457
1383.5 0.9363230099750185
1384.5 0.9601653409758006
1385.5 0.9518314380598094
1386.5 0.9733805973122323
1387.5 0.94428835325693
1388.5 0.9866980304439513
1389.5 1.0046256158560374
1390.5 0.9941592813617873
1391.5 0.964621140618574
1392.5 1.019189697723865
1393.5 1.04456944780953
1394.5 1.015623341810168
1395.5 1.0021129232191335
1396.5 0.9777580732697264
1397.5 0.9850239520193678
1398.5 0.9918890601393489
1399.5 1.0744072688907103
1400.5 1.0046162602397988
1401.5 1.0430572442978945
1402.5 1.0082932252826222
1403.5 0.9631260275295139
1404.5 0.9458289456895937
1405.5 0.9672733925637204
1406.5 0.8999610399834641
1407.5 0.8572694189329823
1408.5 0.828419252145428
1409.5 0.8522051082005219
1410.5 0.8554634480929637
1411.5 0.8244000382566569
1412.5 0.86815142390824
1413.5 0.8468533741968601
1414.5 0.7883390720411622
1415.5 0.8088265389518783
1416.5 0.8285148024416897
1417.5 0.8279039089854646
1418.5 0.8062772885668125
1419.5 0.7834733083773324
1420.5 0.8062772859858288
1421.5 0.7900227876040362
1422.5 0.7686402722116235
1423.5 0.7878619470007038
1424.5 0.7768660968885865
1425.5 0.7926319797535079
1426.5 0.7706740816568539
1427.5 0.7444510433332504
1428.5 0.7756925600262218
1429.5 0.7708590829466913
1430.5 0.7696026094177034
1431.5 0.7560690664595457
1432.5 0.7308170446325905
1433.5 0.7635800240188394
1434.5 0.751270253826081
1435.5 0.7398584545296387
1436.5 0.7486934930389504
1437.5 0.7384755098879541
1438.5 0.7243794010104363
1439.5 0.7264137751720386
1440.5 0.7488459259842729
1441.5 0.7242804095659151
1442.5 0.7356350751717672
1443.5 0.7055982516125943
1444.5 0.740523474498459
1445.5 0.7361802937194213
1446.5 0.7564430612722167
1447.5 0.6991024651805239
1448.5 0.7377661604741711
1449.5 0.7030053922597767
1450.5 0.7522440123002739
1451.5 0.7487749110332387
1452.5 0.757329662639549
1453.5 0.7555479819224946
1454.5 0.7654411941973721
1455.5 0.7280709783293056
1456.5 0.7784198146027262
1457.5 0.7561696261486696
1458.5 0.7400468188224231
1459.5 0.723488469149274
1460.5 0.7306173268037528
1461.5 0.7814967440106604
1462.5 0.7518221381275058
1463.5 0.7374688171644053
1464.5 0.7347279092987152
1465.5 0.7380022529231189
1466.5 0.7482643178194589
1467.5 0.7484761786766428
1468.5 0.7439833072941935
1469.5 0.7173460833573644
1470.5 0.7419356783498788
1471.5 0.7561079737561299
1472.5 0.7432430785969609
1473.5 0.7380890751711351
1474.5 0.7171374428216641
1475.5 0.7686169627547852
1476.5 0.7446151126539386
1477.5 0.7213500530413264
1478.5 0.7456587748117074
1479.5 0.7471204521877741
1480.5 0.7569887471432049
1481.5 0.7715616244314818
1482.5 0.7748972176894566
1483.5 0.7828781154396358
1484.5 0.7601074344099709
1485.5 0.7892256307223604
1486.5 0.7965356077199844
1487.5 0.7540587493953852
1488.5 0.7674220682458064
1489.5 0.7597309719967589
1490.5 0.7497959654484391
1491.5 0.7971196792253031
1492.5 0.7818931148514418
1493.5 0.7606159074047419
1494.5 0.7781267630495383
1495.5 0.7633930439448142
1496.5 0.8071501833087945
1497.5 0.8321028604829889
1498.5 0.8176893517605246
1499.5 0.8113951804955467
1500.5 0.7967135979176986
1501.5 0.8527674521419927
1502.5 0.8262163418899594
1503.5 0.8213893237275925
1504.5 0.8329882683079666
1505.5 0.8044437670290442
1506.5 0.8804027209521083
1507.5 0.8410343014370577
1508.5 0.8643555349874733
1509.5 0.8295513001427096
1510.5 0.8653399092841563
1511.5 0.8580259083179216
1512.5 0.857780065321984
1513.5 0.8511855781562072
1514.5 0.853062141351281
1515.5 0.8915975900552348
1516.5 0.8930846236607572
1517.5 0.8853983639723939
1518.5 0.8863182927383395
1519.5 0.9064887208604575
1520.5 0.9194187202847717
1521.5 0.9194840221348473
1522.5 0.9387838490940055
1523.5 0.9302660193868065
1524.5 0.9278689898565039
1525.5 0.951396434978429
1526.5 0.9897216578139464
1527.5 0.9788248665259166
1528.5 0.9814506011958496
1529.5 0.9753864673080676
1530.5 1.0044135808605659
1531.5 0.9894643447264085
1532.5 0.9996508099213247
1533.5 1.0332018114315593
1534.5 1.05050909417707
1535.5 1.0713366115392038
1536.5 1.1082628276378594
1537.5 1.0845743456927364
1538.5 1.1436459345868346
1539.5 1.1245990818333993
1540.5 1.1324174806882172
1541.5 1.1256988276336484
1542.5 1.1215889035689512
1543.5 1.1333522553384756
1544.5 1.0839414109131433
1545.5 1.1025504448973846
1546.5 1.0426102774806225
1547.5 1.0718876186638109
1548.5 1.0873244313383716
1549.5 1.1060194933267344
1550.5 1.0482938174296006
1551.5 1.0525111241951566
1552.5 1.0119384995946847
1553.5 0.928425850034447
1554.5 0.9135329928900789
1555.5 0.9227265551732625
1556.5 0.861573415390257
1557.5 0.8852134908850904
1558.5 0.8356355605629624
1559.5 0.8285820115129933
1560.5 0.8272487893758682
1561.5 0.8141929293492944
1562.5 0.7857123472631932
1563.5 0.7807616522489784
1564.5 0.7903023508239762
1565.5 0.7715207773052428
1566.5 0.7847187279336152
1567.5 0.7627753614025471
1568.5 0.7766958536538974
1569.5 0.7700171802042374
1570.5 0.75557071720656
1571.5 0.7856345473104493
1572.5 0.7630762105123235
1573.5 0.7426260777803784
1574.5 0.7489188944747261
1575.5 0.7415802281062577
1576.5 0.7730057285795628
1577.5 0.7108031223742303
1578.5 0.7550389529132149
1579.5 0.7451520368840757
1580.5 0.7585639328789907
1581.5 0.7388130895560511
1582.5 0.7348624436047004
1583.5 0.737458832082427
1584.5 0.7478068429679678
1585.5 0.7214804750905731
1586.5 0.7428498593565911
1587.5 0.7437540472401355
1588.5 0.7203016964901799
1589.5 0.7266305084119801
1590.5 0.7069551829872206
1591.5 0.7189666507485198
1592.5 0.7312709916951026
1593.5 0.7395090402752132
1594.5 0.7015176474023994
1595.5 0.7152893731416435
1596.5 0.7347262186076482
1597.5 0.743796867648116
1598.5 0.7558008223198626
1599.5 0.7171968998183895
1600.5 0.7399287036212824
1601.5 0.7444966358841051
1602.5 0.7344981964862977
1603.5 0.7397175000194578
1604.5 0.7283816696508861
1605.5 0.743684723580352
1606.5 0.7395210686956946
1607.5 0.7151994394179206
1608.5 0.7622349650370727
1609.5 0.745023320092536
1610.5 0.7425018822950998
1611.5 0.7368351510163361
1612.5 0.7387814837032939
1613.5 0.7485696989432354
1614.5 0.7219727369646285
1615.5 0.7330962476835944
1616.5 0.7239140253639869
1617.5 0.7335647985150477
1618.5 0.7251727171641295
1619.5 0.7255767540525896
1620.5 0.7138595328409669
1621.5 0.7100328525175522
1622.5 0.7333521632513842
1623.5 0.7342256814100938
1624.5 0.726449182253227
1625.5 0.7301097163902283
1626.5 0.7398628248269472
1627.5 0.7272751596890853
1628.5 0.7218178029428669
1629.5 0.7324469927511759
1630.5 0.7441524625499297
1631.5 0.7200858902542308
1632.5 0.7364754238904656
1633.5 0.7279522787654824
1634.5 0.7609293280138019
1635.5 0.7445635457379698
1636.5 0.7324775573725745
1637.5 0.7487589539021784
1638.5 0.7306540064307389
1639.5 0.7454452753731764
1640.5 0.7150288994532806
1641.5 0.72807038674866
1642.5 0.7029807232397961
1643.5 0.7112876588427715
1644.5 0.7111161864902192
1645.5 0.7401307997963844
1646.5 0.7274800512836214
1647.5 0.7001110464324352
1648.5 0.6767101020059212
1649.5 0.7273922604315384
1650.5 0.7092554056241146
1651.5 0.7057970766573676
1652.5 0.7049897973368755
1653.5 0.6984424845177158
1654.5 0.6870900681651908
1655.5 0.7115353149530259
1656.5 0.7189118247472527
1657.5 0.7124384536104474
1658.5 0.7253642021183269
1659.5 0.7515735304387542
1660.5 0.7213223608305999
1661.5 0.702683930320136
1662.5 0.7029425338496694
1663.5 0.72273876602545
1664.5 0.7246211957947478
1665.5 0.7035646768943743
1666.5 0.6832554906175399
1667.5 0.7151238042343298
1668.5 0.6822839082488252
1669.5 0.6844199726433149
1670.5 0.6999332236991851
1671.5 0.7042406174198624
1672.5 0.696332852737932
1673.5 0.6850850658214699
1674.5 0.6919540628245046
1675.5 0.681152165247584
1676.5 0.6729817248790917
1677.5 0.679748131006904
1678.5 0.6417852741869662
1679.5 0.6554306502299261
1680.5 0.646031150261361
1681.5 0.6470105176174107
1682.5 0.659550855232319
1683.5 0.6619869149384494
1684.5 0.6397803505446426
1685.5 0.6601920662456529
1686.5 0.6673466734502843
1687.5 0.6577293574352269
1688.5 0.6726654074584114
1689.5 0.6765247268171667
1690.5 0.6613568686393505
1691.5 0.6509379343603736
1692.5 0.6344281663261416
1693.5 0.6540443191721842
1694.5 0.6896396184900659
1695.5 0.6466773916940557
1696.5 0.6619985790268985
1697.5 0.6479771013702059
1698.5 0.6190133794723786
1699.5 0.6600752488863528
1700.5 0.6681899184672756
1701.5 0.675830880521222
1702.5 0.6755520183378719
1703.5 0.6868980504582041
1704.5 0.6839439499468881
1705.5 0.6519781664544341
1706.5 0.6918851364520532
1707.5 0.664496844740352
1708.5 0.6387729903075583
1709.5 0.6768247416971157
1710.5 0.6804714848949954
1711.5 0.6938106506243515
1712.5 0.6621110636774695
1713.5 0.671017689351275
1714.5 0.6627736189478344
1715.5 0.6769048053308157
1716.5 0.6439510927775852
1717.5 0.6653023140128261
1718.5 0.6778015292738137
1719.5 0.671754811600448
1720.5 0.6473397333188844
1721.5 0.6616165241916332
1722.5 0.6527186318092173
1723.5 0.6644859969644249
1724.5 0.6742429117008079
1725.5 0.6655197324152069
1726.5 0.6872217307614398
1727.5 0.6509166212505995
1728.5 0.6525415197384274
1729.5 0.6524107688823997
1730.5 0.6437019361861656
1731.5 0.6524626880930313
1732.5 0.6529976718597639
1733.5 0.6456513342311695
1734.5 0.6314683008045919
1735.5 0.6672534829165263
1736.5 0.6625514065454969
1737.5 0.6717048041996996
1738.5 0.6626006149293356
1739.5 0.6367882496014429
1740.5 0.6265529592336682
1741.5 0.658933950177827
1742.5 0.6715875770806068
1743.5 0.6476337470729463
1744.5 0.6717090726354277
1745.5 0.6635413458282592
1746.5 0.6663234080397936
1747.5 0.6666997410424951
1748.5 0.659960380054211
1749.5 0.6628119385092588
1750.5 0.6501319898411637
1751.5 0.6345879477039168
1752.5 0.6491612215548468
1753.5 0.6418924947251123
1754.5 0.6455724673155555
1755.5 0.6363045521174858
1756.5 0.6398477086013716
1757.5 0.6239921890623753
1758.5 0.6487314180948737
1759.5 0.6364004018085254
1760.5 0.6460721806627683
1761.5 0.6121906120427908
1762.5 0.6340045799264281
1763.5 0.6366464484985479
1764.5 0.6566580301139668
1765.5 0.6491546375931608
1766.5 0.6460729240958959
1767.5 0.6448694458421385
1768.5 0.6789069093592166
1769.5 0.672343937292622
1770.5 0.6576031091533227
1771.5 0.64623292308463
1772.5 0.6477376820470118
1773.5 0.6762823612488064
1774.5 0.6337238632142238
1775.5 0.6553519114109528
1776.5 0.6287317504345789
1777.5 0.6239286094418222
1778.5 0.6277294389822504
1779.5 0.6585188251861079
1780.5 0.6305259906249704
1781.5 0.6691851866692701
1782.5 0.6911531853479137
1783.5 0.6303887975799739
1784.5 0.6526950758992011
1785.5 0.6288531849012639
1786.5 0.6004125327169539
1787.5 0.6333550307381477
1788.5 0.6387447267794508
1789.5 0.6601595054359207
1790.5 0.6509009638234722
1791.5 0.6218977898980591
1792.5 0.5904770673609767
1793.5 0.635318508942811
1794.5 0.6537589843682137
1795.5 0.6561088862904966
1796.5 0.6613895703359416
1797.5 0.6193740337575241
1798.5 0.6368392676020473
1799.5 0.6467604844235023
1800.5 0.7012755339969045
1801.5 0.640057092638479
1802.5 0.6289728621436499
1803.5 0.6425592966091365
1804.5 0.6290958360678094
1805.5 0.6289936155416221
1806.5 0.6311937731947335
1807.5 0.6216949210320433
1808.5 0.6114091126319491
1809.5 0.6576871442609757
1810.5 0.6561870001898761
1811.5 0.6286132575916298
1812.5 0.6421265063117638
1813.5 0.6229148001023299
1814.5 0.659690103052037
1815.5 0.6749398309315736
1816.5 0.6552171812555433
1817.5 0.6482561568023042
1818.5 0.6560424389254401
1819.5 0.6626129293152686
1820.5 0.6588134564877585
1821.5 0.6655902379031085
1822.5 0.6674455931040826
1823.5 0.6344638898340942
1824.5 0.6488916539713654
1825.5 0.6695066267009481
1826.5 0.6508119222517904
1827.5 0.6280086701072222
1828.5 0.6492469005754351
1829.5 0.6344735314475141
1830.5 0.6466963797603159
1831.5 0.6407890580801182
1832.5 0.6450063796419548
1833.5 0.6557882294772598
1834.5 0.6113278012981838
1835.5 0.6426485867333225
1836.5 0.6596314118978537
1837.5 0.676813435322314
1838.5 0.6603549170631988
1839.5 0.65244442342016
1840.5 0.6184288349031336
1841.5 0.653407837446395
1842.5 0.689051695788437
1843.5 0.6457131384766605
1844.5 0.6717071564725654
1845.5 0.7162588597175691
1846.5 0.6741951291316851
1847.5 0.7151343482480796
1848.5 0.6861635210509455
1849.5 0.6871744377145815
1850.5 0.7105849546303181
1851.5 0.6890610926781885
1852.5 0.7154243379537536
1853.5 0.6582578608364704
1854.5 0.6667125289837378
1855.5 0.6935629137308941
1856.5 0.693999135476078
1857.5 0.6707591079522698
1858.5 0.7167072383234204
1859.5 0.6770860228445118
1860.5 0.6837659093097942
1861.5 0.7054329357720183
1862.5 0.7216324152275703
1863.5 0.7220236351561483
1864.5 0.728300288049633
1865.5 0.7002465144556873
1866.5 0.7316332373279392
1867.5 0.6781387502114833
1868.5 0.6873508626267868
1869.5 0.6899996413379459
1870.5 0.661025713228604
1871.5 0.678585535857555
1872.5 0.6561866867840649
1873.5 0.6981642488847759
1874.5 0.7097829358414434
1875.5 0.6857463785528253
1876.5 0.6940162925205967
1877.5 0.6891702207722656
1878.5 0.7259947652608307
1879.5 0.7237185107946799
1880.5 0.7009483769779661
1881.5 0.7279046622540924
1882.5 0.7403915647032933
1883.5 0.72999962483148
1884.5 0.7402482844015239
1885.5 0.723782588610048
1886.5 0.7456338385298382
1887.5 0.7533911388359367
1888.5 0.7379704780193735
1889.5 0.7810216170433333
1890.5 0.7870050341531574
1891.5 0.833234823608789
1892.5 0.8076853066714463
1893.5 0.7702529807423474
1894.5 0.7913944885195467
1895.5 0.7868587319742019
1896.5 0.7963841945136687
1897.5 0.7760127660519738
1898.5 0.7660311826670704
1899.5 0.7905901323720423
1900.5 0.7547729268528302
1901.5 0.7847593466545874
1902.5 0.7742371466396745
1903.5 0.788851336867407
1904.5 0.8159697842800463
1905.5 0.7894888729287594
1906.5 0.8442906872164275
1907.5 0.8068045164785178
1908.5 0.7584439851360696
1909.5 0.8230392342279257
1910.5 0.782292269386089
1911.5 0.7789762548457051
1912.5 0.8436863380631237
1913.5 0.820949153300107
1914.5 0.770474492037664
1915.5 0.7570487171125663
1916.5 0.7560860678129739
1917.5 0.7163945702966136
1918.5 0.7026511321470988
1919.5 0.6926370051060109
1920.5 0.6835611318087087
1921.5 0.6816889411911686
1922.5 0.6693519678511407
1923.5 0.6694932869602098
1924.5 0.6623771125062875
1925.5 0.6889337575638788
1926.5 0.6895945317465794
1927.5 0.6387260759663761
1928.5 0.6304673260243243
1929.5 0.6246784122196349
1930.5 0.620142027665288
1931.5 0.6306380670566256
1932.5 0.6240675303131762
1933.5 0.5984483282458594
1934.5 0.6125572907384372
1935.5 0.6190054442121152
1936.5 0.6194191477587564
1937.5 0.6161315755572851
1938.5 0.5950398274125709
1939.5 0.6013926671964092
1940.5 0.5945987697416658
1941.5 0.5890162282341241
1942.5 0.5758565211542769
1943.5 0.6091157189449435
1944.5 0.5879233590919374
1945.5 0.5864193596895038
1946.5 0.5735103629091555
1947.5 0.572800371332993
1948.5 0.5861939248782367
1949.5 0.6032572096118757
1950.5 0.5755643159650522
1951.5 0.5746892024229193
1952.5 0.5634773366505641
1953.5 0.5744787367245219
1954.5 0.5688857739256858
1955.5 0.5628728023856235
1956.5 0.5572981046289086
1957.5 0.558396241899148
1958.5 0.5609801648201398
1959.5 0.5629664713945367
1960.5 0.5651132795013059
1961.5 0.5334264772144736
1962.5 0.5269790221977863
1963.5 0.5362189019017993
1964.5 0.5289350392031117
1965.5 0.5432064377772046
1966.5 0.5349490497787015
1967.5 0.5520146237370307
1968.5 0.5187164434345125
1969.5 0.5278919762929795
1970.5 0.5359914228683803
1971.5 0.547951643560364
1972.5 0.5204031637627567
1973.5 0.5259543723156898
1974.5 0.5260098968478559
1975.5 0.5387737420833799
1976.5 0.5192893440281697
1977.5 0.5329426344524916
1978.5 0.5385508259536375
1979.5 0.5555710084336496
1980.5 0.5275449230242744
1981.5 0.5517337675617892
1982.5 0.5415245712621704
1983.5 0.5573156187502851
1984.5 0.5872687786208963
1985.5 0.5451491029638239
1986.5 0.5404811483197549
1987.5 0.5712121203320867
1988.5 0.5555227508404941
1989.5 0.5448255415032386
1990.5 0.5300958818153474
1991.5 0.5246726337427584
1992.5 0.5418026376053795
1993.5 0.5495398796548895
1994.5 0.5226543768920936
1995.5 0.5333432631567501
1996.5 0.5113126981211291
1997.5 0.5342416670817062
1998.5 0.5676274029014581
1999.5 0.5531185571672123
2000.5 0.5507450989499472
2001.5 0.5173232582244573
2002.5 0.5190606441047912
2003.5 0.5503507654580551
2004.5 0.5471885653055057
2005.5 0.5380572104086159
2006.5 0.527589896536411
2007.5 0.5321462764948075
2008.5 0.5412864341596425
2009.5 0.5484860926256121
2010.5 0.5163730590430418
2011.5 0.5600247547223208
2012.5 0.536029113046002
2013.5 0.5435193796840936
2014.5 0.5235585181369279
2015.5 0.5235597336040683
2016.5 0.5010829310609871
2017.5 0.5087488662479546
2018.5 0.5157197822418644
2019.5 0.5130926540248738
2020.5 0.5112553459421199
2021.5 0.5439816896470984
2022.5 0.5108815042360108
2023.5 0.5258476204919876
2024.5 0.5232765511099441
2025.5 0.5150699119731386
2026.5 0.5263176731710959
2027.5 0.5032361051356533
2028.5 0.5067801944218245
2029.5 0.5148740461087706
2030.5 0.5400249252839939
2031.5 0.5243373846288691
2032.5 0.5351428601073068
2033.5 0.5086812137366424
2034.5 0.49887118350171394
2035.5 0.5354596904860113
2036.5 0.5320870822325996
2037.5 0.5386537165359824
2038.5 0.5207249865501752
2039.5 0.5337996039505346
2040.5 0.5295557224873079
2041.5 0.5266193639482601
2042.5 0.5287926827858923
2043.5 0.5322585070204873
2044.5 0.5224547213978936
2045.5 0.5233139687408619
2046.5 0.5326882869368407
2047.5 0.5131708346709698
2048.5 0.5241835576815932
2049.5 0.5367002038546037
2050.5 0.5284861675504138
2051.5 0.5235585072846404
2052.5 0.5255878568447045
2053.5 0.52619652232313
2054.5 0.5471075891263757
2055.5 0.5370156842772426
2056.5 0.5687236140484886
2057.5 0.5266987879605716
2058.5 0.5458001768790408
2059.5 0.542594124121276
2060.5 0.5573274789846788
2061.5 0.5522781517912637
2062.5 0.5514765822050661
2063.5 0.541773003213956
2064.5 0.5440514762043952
2065.5 0.566160129269838
2066.5 0.556011878471209
2067.5 0.5511187171816425
2068.5 0.5688507343055377
2069.5 0.5737186920118866
2070.5 0.5596174660588538
2071.5 0.5385129304657293
2072.5 0.5621819523141268
2073.5 0.5447579145333998
2074.5 0.5069009952275699
2075.5 0.5388169906461618
2076.5 0.5380024872388185
2077.5 0.5503602335998634
2078.5 0.5331043055201948
2079.5 0.5240124795533039
2080.5 0.5223606087590191
2081.5 0.5425676867896615
2082.5 0.5537811806664845
2083.5 0.54352474689926
2084.5 0.5142249108896053
2085.5 0.532627027667024
2086.5 0.5172547285307681
2087.5 0.52333971188342
2088.5 0.5220233027256425
2089.5 0.5253295190816195
2090.5 0.5177515929808527
2091.5 0.5390095573170675
2092.5 0.49212746314135175
2093.5 0.5027226843449342
2094.5 0.5082283370368567
2095.5 0.5047481860646537
2096.5 0.5109757969114619
2097.5 0.4998839406951577
2098.5 0.5161340303601947
2099.5 0.5123403093611475
2100.5 0.49698249359429125
2101.5 0.5098561971257395
2102.5 0.5099994576149998
2103.5 0.5094500710598654
2104.5 0.5153295884787297
2105.5 0.49074780065494233
2106.5 0.4940470212511845
2107.5 0.5594005046037671
2108.5 0.5232059103326026
2109.5 0.5125580092950015
2110.5 0.48060592360246646
2111.5 0.4779056375265235
2112.5 0.49325133520421344
2113.5 0.4830213229255781
2114.5 0.48396257606316784
2115.5 0.49229833059398515
2116.5 0.5303581383481973
2117.5 0.5157932881405314
2118.5 0.4798345580602853
2119.5 0.4929802459863365
2120.5 0.5046926662178336
2121.5 0.45543628493046306
2122.5 0.494695580517209
2123.5 0.485779486993263
2124.5 0.4974043051323745
2125.5 0.45788395727015174
2126.5 0.46783743620831386
2127.5 0.4764224245903663
2128.5 0.4944957094380873
2129.5 0.4905116225786274
2130.5 0.4892776910373092
2131.5 0.5007112614036215
2132.5 0.4726423858313114
2133.5 0.4736872186396839
2134.5 0.4801835639339195
2135.5 0.49821384393618473
2136.5 0.48118853691958763
2137.5 0.5054001346225574
2138.5 0.48952353746792143
2139.5 0.4555467573021616
2140.5 0.4827464934018153
2141.5 0.49970949987562646
2142.5 0.48135687984457437
2143.5 0.4884616452489267
2144.5 0.48872485493518625
2145.5 0.47545053722663394
2146.5 0.49677431979676057
2147.5 0.4724713277997816
2148.5 0.5119102647680416
2149.5 0.5033975805761536
2150.5 0.48285013583767233
2151.5 0.46217231297648825
2152.5 0.4725540800567082
2153.5 0.4937439655974077
2154.5 0.4622797927603551
2155.5 0.45883758879283865
2156.5 0.4694813280923439
2157.5 0.464946826792638
2158.5 0.4908955532307098
2159.5 0.45961273625657956
2160.5 0.4564081836234739
2161.5 0.45248871395773493
2162.5 0.4507239248465623
2163.5 0.4628753288404485
2164.5 0.4867542605256921
2165.5 0.4561308227891163
2166.5 0.4524045142912833
2167.5 0.47453953513826147
2168.5 0.4870392494404908
2169.5 0.4636554143567344
2170.5 0.47092808380705065
2171.5 0.47013302524375755
2172.5 0.459628889679309
2173.5 0.4687488514223449
2174.5 0.4751461454070674
2175.5 0.4965406871202815
2176.5 0.4713791011792205
2177.5 0.4526945349982324
2178.5 0.4631149697846707
2179.5 0.46993340083422486
2180.5 0.48951373060769027
2181.5 0.4504654617898827
2182.5 0.4655151915745618
2183.5 0.4684819700373617
2184.5 0.4551589625722787
2185.5 0.4483949243459214
2186.5 0.4424397414282068
2187.5 0.46549502115377667
2188.5 0.44780302307808273
2189.5 0.4708702932131946
2190.5 0.4572323859953982
2191.5 0.44537530302652434
2192.5 0.4574090354589959
2193.5 0.4625119451640269
2194.5 0.4319717165669531
2195.5 0.44674470954117096
2196.5 0.4342242318875264
2197.5 0.4474411658257914
2198.5 0.4524458921298762
2199.5 0.44206948438892435
2200.5 0.45250699631748464
2201.5 0.4367758587475944
2202.5 0.44669204821205405
2203.5 0.46122209649376483
2204.5 0.46706330734146295
2205.5 0.43995656170036646
2206.5 0.4425764425992931
2207.5 0.4458993000660289
2208.5 0.48130241185604844
2209.5 0.4634904501142326
2210.5 0.474861093812858
2211.5 0.46565557222006443
2212.5 0.44304125923493315
2213.5 0.4420360881938153
2214.5 0.45730378463439164
2215.5 0.46755601958594156
2216.5 0.44949710756460926
2217.5 0.4658896280770008
2218.5 0.4489567062762312
2219.5 0.45846659293977027
2220.5 0.49001628770505695
2221.5 0.42207565639012856
2222.5 0.46137829395507135
2223.5 0.45836579614340367
2224.5 0.4719910422186536
2225.5 0.46825221374776155
2226.5 0.45686639992698397
2227.5 0.4535551901908027
2228.5 0.43711614115428626
2229.5 0.4629338470351083
2230.5 0.44810952811849947
2231.5 0.4478288311013596
2232.5 0.43531425892076875
2233.5 0.418538962986596
2234.5 0.44228544002136533
2235.5 0.46624688643130985
2236.5 0.47505673731372433
2237.5 0.4552363975194704
2238.5 0.45447664719267344
2239.5 0.4319080464291618
2240.5 0.42049570779639367
2241.5 0.4476057754978019
2242.5 0.42140398657123534
2243.5 0.4310921412736554
2244.5 0.4257447006346099
2245.5 0.4614546711149053
2246.5 0.44581686049116453
2247.5 0.43538817606001873
2248.5 0.4669742603611354
2249.5 0.43601966980316437
2250.5 0.44082394473133324
2251.5 0.47095891621996233
2252.5 0.44099587066583956
2253.5 0.48989040067602024
2254.5 0.4540967930431775
2255.5 0.45222590393177314
2256.5 0.45829613487108817
2257.5 0.4366481989877788
2258.5 0.43740177553541326
2259.5 0.46188129627575625
2260.5 0.4655346888564872
2261.5 0.44376858606322156
2262.5 0.45142641394648925
2263.5 0.4488162728375179
2264.5 0.4728609214591199
2265.5 0.4581003301086502
2266.5 0.4455086974047688
2267.5 0.43523668591469017
2268.5 0.46155507310395655
2269.5 0.4561913260314138
2270.5 0.4738542179612398
2271.5 0.4706631789595711
2272.5 0.451545200301269
2273.5 0.49978014103651003
2274.5 0.45268162632200426
2275.5 0.4841350594137491
2276.5 0.4386781441830384
2277.5 0.47463266930889875
2278.5 0.46536488023607797
2279.5 0.46971698067046574
2280.5 0.4564705961090397
2281.5 0.4406613956625059
2282.5 0.4545394517331859
2283.5 0.476320330400997
2284.5 0.43519505951666154
2285.5 0.45684391662730717
2286.5 0.43927091799851037
2287.5 0.45729836211913794
2288.5 0.461900486820499
2289.5 0.448740932298342
2290.5 0.4911674960552736
2291.5 0.4579256250807127
2292.5 0.4811142556245366
2293.5 0.48272693090231045
2294.5 0.47069730062892673
2295.5 0.48811336116504705
2296.5 0.4825478204142208
2297.5 0.4501099443851667
2298.5 0.46920594005487515
2299.5 0.4687722754747832
2300.5 0.46385475573653706
2301.5 0.4600668785598829
2302.5 0.4875886886603088
2303.5 0.46492047806937636
2304.5 0.4869257549909543
2305.5 0.46615405489926315
2306.5 0.4677864230919735
2307.5 0.4503554012077308
2308.5 0.4914798000368434
2309.5 0.487418914623378
2310.5 0.4655657718340823
2311.5 0.4732318491321828
2312.5 0.5161055137621046
2313.5 0.46118867211923076
2314.5 0.46261791262156027
2315.5 0.5087983400498247
2316.5 0.4844581020738926
2317.5 0.486603852456464
2318.5 0.4788900905526366
2319.5 0.4606287945107724
2320.5 0.4408986868705324
2321.5 0.47382507173001664
2322.5 0.47558177227401494
2323.5 0.47798597036339396
2324.5 0.5005292733061042
2325.5 0.4637744822705771
2326.5 0.46809327900171105
2327.5 0.49645504597717094
2328.5 0.47733570790788743
2329.5 0.48193779504912426
2330.5 0.4976871970915272
2331.5 0.5115422685896995
2332.5 0.44750207086670096
2333.5 0.45595570301487987
2334.5 0.44862587722270897
2335.5 0.45503534859029543
2336.5 0.47009332290997835
2337.5 0.48718780554463853
2338.5 0.4645800719961329
2339.5 0.46112066235521265
2340.5 0.4560141225479846
2341.5 0.4468833498731687
2342.5 0.4532725489750834
2343.5 0.42803670363304325
2344.5 0.4423544856472319
2345.5 0.439589460036873
2346.5 0.44580785864517897
2347.5 0.43807089105064684
2348.5 0.45167892233477797
2349.5 0.4592945076955976
2350.5 0.4564329592551746
2351.5 0.44101341069964406
2352.5 0.4305500151314586
2353.5 0.44985849392325983
2354.5 0.4509269357048645
2355.5 0.4433790759296378
2356.5 0.4434217085732266
2357.5 0.4721231805810117
2358.5 0.455656640608155
2359.5 0.45385051012758376
2360.5 0.4134796235455715
2361.5 0.4661094194986549
2362.5 0.4242155994493738
2363.5 0.4438492467860329
2364.5 0.42046241463397466
2365.5 0.4371054502095029
2366.5 0.41233166058261295
2367.5 0.44858274883070515
2368.5 0.4133032243565631
2369.5 0.4359244436939076
2370.5 0.45469424051654417
2371.5 0.4019205919290497
2372.5 0.4573535266414854
2373.5 0.45590498174319305
2374.5 0.42804790228348405
2375.5 0.4584796000576932
2376.5 0.4449970050450353
2377.5 0.45857905643138075
2378.5 0.41760630428890816
2379.5 0.4465366121799046
2380.5 0.4153056744468162
2381.5 0.4230365836504473
2382.5 0.42256250556010344
2383.5 0.419019828179745
2384.5 0.46101307356095206
2385.5 0.4214529883381785
2386.5 0.4385466890009748
2387.5 0.44856416340204314
2388.5 0.4144710136032411
2389.5 0.40697619168030047
2390.5 0.39954431515523786
2391.5 0.46152030727721405
2392.5 0.38249979480473034
2393.5 0.45889355207202553
2394.5 0.45264211601942106
2395.5 0.4721984258890736
2396.5 0.3879511711668727
2397.5 0.45077408747597697
2398.5 0.4130013999163338
2399.5 0.4664012437279407
2400.5 0.45291074879455856
2401.5 0.4669893618798566
2402.5 0.43826319934287183
2403.5 0.4549747123837739
2404.5 0.41018776545570923
2405.5 0.4771431849549577
2406.5 0.4589020424939872
2407.5 0.43772103479135166
2408.5 0.5451237230514009
2409.5 0.4661404497184077
2410.5 0.4868442968335274
2411.5 0.40756767434675745
2412.5 0.43041785931362914
2413.5 0.4593289246472541
2414.5 0.44929156155607314
2415.5 0.5103171193070499
2416.5 0.4764413047331089
2417.5 0.4249530421336136
2418.5 0.5605659851424006
2419.5 0.4436270202873787
2420.5 0.5135842550163082
2421.5 0.5507466568280919
2422.5 0.4857500939850104
2423.5 0.4951582432572438
2424.5 0.5017926078721249
2425.5 0.5236386969035519
2426.5 0.4866367098353647
2427.5 0.4588698543224866
2428.5 0.42224844714578796
2429.5 0.46255872501262024
2430.5 0.49604359892720196
2431.5 0.4820378845226185
2432.5 0.5022193785544584
2433.5 0.43188368186989734
2434.5 0.48170430865384284
2435.5 0.48963444541232937
2436.5 0.47482865534343355
2437.5 0.4531397079296124
2438.5 0.46844366711514357
2439.5 0.4204620769332165
2440.5 0.40866807694167395
2441.5 0.40694451255646996
2442.5 0.429690183153758
2443.5 0.4406919137134279
2444.5 0.4595946993831756
2445.5 0.4305447836755547
2446.5 0.4764037810676716
2447.5 0.4237111229900475
2448.5 0.45208670488283903
2449.5 0.467908817336531
2450.5 0.4298625685030841
2451.5 0.47404630631689226
2452.5 0.4384595208908864
2453.5 0.45591540781491907
2454.5 0.48518507132006217
2455.5 0.44188971015936185
2456.5 0.43375371632505544
2457.5 0.4698718541488611
2458.5 0.41849478274637203
2459.5 0.43985950992305944
2460.5 0.4218572576185266
2461.5 0.4519161455823914
2462.5 0.43239956625301557
2463.5 0.4679975883145317
2464.5 0.42019650652626744
2465.5 0.42303925156110045
2466.5 0.4024025789793909
2467.5 0.4599460283426514
2468.5 0.40321596248833463
2469.5 0.4610944907644723
2470.5 0.3970171594532623
2471.5 0.4760568460727668
2472.5 0.4664875599852568
2473.5 0.47219657967492457
2474.5 0.449812116321385
2475.5 0.44785909990273376
2476.5 0.46625150329062726
2477.5 0.46112665228648486
2478.5 0.43597960062336616
2479.5 0.48126092398060366
2480.5 0.4479261508692841
2481.5 0.4249915222130413
2482.5 0.42513959101720605
2483.5 0.4391686784285882
2484.5 0.4252301655628353
2485.5 0.4129927883956836
2486.5 0.4778209216470252
2487.5 0.4349410962222811
2488.5 0.4067209653606264
2489.5 0.48281720104065096
2490.5 0.4797482600139216
2491.5 0.4383001020257389
2492.5 0.44112367286143594
2493.5 0.46987796908483687
2494.5 0.45595226352854684
2495.5 0.4669679490217148
2496.5 0.4650391404233612
2497.5 0.42705335048612275
2498.5 0.4686539149919025
2499.5 0.4722534654085185
2500.5 0.48085849298077743
2501.5 0.444466419199506
2502.5 0.4513233598883329
2503.5 0.45856554681620343
2504.5 0.4050061479444864
2505.5 0.4849796977536085
2506.5 0.4386037935240552
2507.5 0.5069076484451327
2508.5 0.44289098125719817
2509.5 0.45010409344635377
2510.5 0.4567661659090962
2511.5 0.4479488934506669
2512.5 0.41934609155207975
2513.5 0.4729368007389495
2514.5 0.5205109161307531
2515.5 0.43958384992038974
2516.5 0.45072895297745735
2517.5 0.44140891940593163
2518.5 0.46186734417124925
2519.5 0.46585943360045656
2520.5 0.43217051884584956
2521.5 0.45835703026589963
2522.5 0.40405852170391926
2523.5 0.4702279891090689
2524.5 0.4542122394053001
2525.5 0.48236846985695075
2526.5 0.452217921051145
2527.5 0.4442340362191361
2528.5 0.47366326979110296
2529.5 0.43457325299247884
2530.5 0.4540692273094491
2531.5 0.4234627239974736
2532.5 0.4453284144324884
2533.5 0.4302897537127074
2534.5 0.4450727814003227
2535.5 0.4575414340196565
2536.5 0.4355078388890866
2537.5 0.44913112796698934
2538.5 0.44636345232079927
2539.5 0.43961696802724853
2540.5 0.43413198791529295
2541.5 0.43926461604203615
2542.5 0.46748135481418934
2543.5 0.4265203676961912
2544.5 0.41945261574510667
2545.5 0.45132196539413927
2546.5 0.4452846109375298
2547.5 0.4442909291794154
2548.5 0.43358890864774224
2549.5 0.44147151811000795
2550.5 0.43659683110048597
2551.5 0.4228218660087131
2552.5 0.4365726842984862
2553.5 0.4542647115695611
2554.5 0.45913698243895323
2555.5 0.44861876347193375
2556.5 0.43888127951026695
2557.5 0.4372278994475895
2558.5 0.42583410591719834
2559.5 0.44110539136947446
2560.5 0.48065737885324783
2561.5 0.4121290428825594
2562.5 0.45214741971800926
2563.5 0.41979527151247725
2564.5 0.4289062050120778
2565.5 0.41727564144048673
2566.5 0.4170842105832388
2567.5 0.4256982678275329
2568.5 0.4097644336821886
2569.5 0.44551799873154385
2570.5 0.41873562395862446
2571.5 0.42874378911666766
2572.5 0.39510312533079406
2573.5 0.390358863415431
2574.5 0.405590314389053
2575.5 0.422824818299622
2576.5 0.3996287870724483
2577.5 0.41232245810886625
2578.5 0.4053642610758781
2579.5 0.4106856758174093
2580.5 0.44416943661086644
2581.5 0.39006877096212833
2582.5 0.4127681721281949
2583.5 0.4101802501503047
2584.5 0.4161732046344393
2585.5 0.3970390534595435
2586.5 0.37510900273628706
2587.5 0.3767199362292518
2588.5 0.3878349416241432
2589.5 0.3673506683091631
2590.5 0.39845941598677986
2591.5 0.4065877478868935
2592.5 0.37963434974929855
2593.5 0.38985191936120367
2594.5 0.40763925622335945
2595.5 0.3811435893249635
2596.5 0.39643736139912883
2597.5 0.3845442095588977
2598.5 0.39089699324067134
2599.5 0.37919796174923687
2600.5 0.3994604218566906
2601.5 0.37890972715425053
2602.5 0.3956240426002607
2603.5 0.40230848107325445
2604.5 0.3879594750410887
2605.5 0.39421340092373264
2606.5 0.37151449514904167
2607.5 0.41185557277539425
2608.5 0.40483118024448067
2609.5 0.4178904537947873
2610.5 0.4088534676363531
2611.5 0.4088773412930931
2612.5 0.4106892870916779
2613.5 0.406022017388666
2614.5 0.3740799342470579
2615.5 0.41021529864927764
2616.5 0.3924281209267956
2617.5 0.4056917201903952
2618.5 0.3959636246103012
2619.5 0.3940025454355397
2620.5 0.39929896665053566
2621.5 0.3833404289941709
2622.5 0.39442563549835574
2623.5 0.40012479201392537
2624.5 0.3825409465283231
2625.5 0.3834596693262696
2626.5 0.3756476224473036
2627.5 0.39683894527531577
2628.5 0.3840422262410514
2629.5 0.393907662399096
2630.5 0.39543130981773533
2631.5 0.38273481286846206
2632.5 0.3713892487198352
2633.5 0.37092682999049476
2634.5 0.3952998013806278
2635.5 0.3920495842637503
2636.5 0.4090466301539559
2637.5 0.3872252828074125
2638.5 0.3968013422016686
2639.5 0.36733311764028936
2640.5 0.3779002565253137
2641.5 0.3743303083190333
2642.5 0.4070190080532661
2643.5 0.34159458740619697
2644.5 0.4008167606317444
2645.5 0.41184380797184295
2646.5 0.356342580615194
2647.5 0.3780557957857138
2648.5 0.36433800558454865
2649.5 0.3889650997571805
2650.5 0.35645940289674516
2651.5 0.33630039112547
2652.5 0.3375856005550732
2653.5 0.34629369894724676
2654.5 0.35348502295539797
2655.5 0.36728604788145935
2656.5 0.36303678816944746
2657.5 0.3694090608645948
2658.5 0.38313737032020534
2659.5 0.3746270690393391
2660.5 0.37683628820107395
2661.5 0.3735940647569935
2662.5 0.36302751394591815
2663.5 0.35416732937489204
2664.5 0.38732304151772423
2665.5 0.3645322722319588
2666.5 0.3578674272554284
2667.5 0.35911571278520066
2668.5 0.3864345211065667
2669.5 0.3684446792972039
2670.5 0.36655301634085524
2671.5 0.3558570170213074
2672.5 0.36652193823169377
2673.5 0.35629002906671786
2674.5 0.3787861256074368
2675.5 0.3836590722101667
2676.5 0.37201272650148637
2677.5 0.36946392918670984
2678.5 0.3705951100485922
2679.5 0.3832227965419598
2680.5 0.35194562061015866
2681.5 0.3798235400464245
2682.5 0.3667339158580745
2683.5 0.36322374446444433
2684.5 0.35945692675848584
2685.5 0.3653536578978246
2686.5 0.38346557764826805
2687.5 0.37156594191496983
2688.5 0.3540630568013915
2689.5 0.36292550685934233
2690.5 0.381192704704734
2691.5 0.3665328586017507
2692.5 0.37206708120291726
2693.5 0.34608640559088655
2694.5 0.3557844101211644
2695.5 0.37453932620928426
2696.5 0.3540746509570397
2697.5 0.36008825095467667
2698.5 0.37934704211709813
2699.5 0.3644289477866731
2700.5 0.3826718390221528
2701.5 0.3640149089661786
2702.5 0.36589321257439356
2703.5 0.3665734866871346
2704.5 0.36873095105290093
2705.5 0.36886626258446414
2706.5 0.3660607527428948
2707.5 0.35679170598973037
2708.5 0.37320074507244894
2709.5 0.37362754740148657
2710.5 0.3880638670119374
2711.5 0.3941309301326099
2712.5 0.36891674689585324
2713.5 0.3754490008365178
2714.5 0.3883965747413584
2715.5 0.3978527313332772
2716.5 0.3644078578917508
2717.5 0.38043906416988194
2718.5 0.3726079235176173
2719.5 0.3608904905874602
2720.5 0.39150081680203874
2721.5 0.38570929196373077
2722.5 0.36910662770360714
2723.5 0.37731164836326314
2724.5 0.40256227924966254
2725.5 0.3857921164834824
2726.5 0.38110313850324923
2727.5 0.3997349002340964
2728.5 0.3627219954347623
2729.5 0.378961197754259
2730.5 0.39185779129426057
2731.5 0.40340698275907855
2732.5 0.38044387061666285
2733.5 0.4030977059152028
2734.5 0.4088571608354495
2735.5 0.3846576531093778
2736.5 0.3869334693721014
2737.5 0.38836912729073403
2738.5 0.38070241754322987
2739.5 0.40213121030646176
2740.5 0.39690754264955735
2741.5 0.3759460089994818
2742.5 0.3825567616697878
2743.5 0.42641943897041495
2744.5 0.3873907388638656
2745.5 0.420011877190317
2746.5 0.4015487856592702
2747.5 0.4100089475372115
2748.5 0.4225441876471411
2749.5 0.40745147595736997
2750.5 0.4108571042439384
2751.5 0.3922185600924027
2752.5 0.4205521754646249
2753.5 0.38610305316768323
2754.5 0.41720562822581797
2755.5 0.4178908426611674
2756.5 0.4120656242750005
2757.5 0.4187922454726636
2758.5 0.4152232761540419
2759.5 0.4150234699938282
2760.5 0.39815629351646853
2761.5 0.39783871442877783
2762.5 0.4128643496532246
2763.5 0.407520966608794
2764.5 0.4027014228253856
2765.5 0.4259653988127008
2766.5 0.41065863049726614
2767.5 0.4106688254863667
2768.5 0.40598577344732667
2769.5 0.41442439792904484
2770.5 0.42241768007182645
2771.5 0.4315211442229938
2772.5 0.432055087425592
2773.5 0.4003253745554647
2774.5 0.40130108642334883
2775.5 0.4212044623416271
2776.5 0.44620749488698874
2777.5 0.41800794814711795
2778.5 0.4371475814066686
2779.5 0.4389202465216668
2780.5 0.4561679114514029
2781.5 0.4786371667052066
2782.5 0.4458733559812047
2783.5 0.4740076053209453
2784.5 0.46351299674161256
2785.5 0.47234532726157535
2786.5 0.4704264870445266
2787.5 0.48800384719337747
2788.5 0.508118487749829
2789.5 0.5084921281615384
2790.5 0.5279007621666553
2791.5 0.5326829754416994
2792.5 0.5423603993633134
2793.5 0.5387249795982993
2794.5 0.5343107390676589
2795.5 0.5539931575632344
2796.5 0.5681483144968502
2797.5 0.5753305426408869
2798.5 0.5956750856699169
2799.5 0.5670950462034011
2800.5 0.5676451982069067
2801.5 0.5940619606179688
2802.5 0.5637877002908088
2803.5 0.5759020377620123
2804.5 0.5730218709576789
2805.5 0.534701509807689
2806.5 0.5737363765421895
2807.5 0.544592398832439
2808.5 0.5193822338774607
2809.5 0.5110126009719616
2810.5 0.49862946248081175
2811.5 0.48206073959944934
2812.5 0.46727893535432297
2813.5 0.4783953895600676
2814.5 0.4599198443731572
2815.5 0.4497787579436601
2816.5 0.4180826372023617
2817.5 0.4282803393194157
2818.5 0.4230602749608363
2819.5 0.41414157951838354
2820.5 0.39337212582581244
2821.5 0.41796843037124987
2822.5 0.3971128091329165
2823.5 0.4014341754465408
2824.5 0.3898571051558867
2825.5 0.3801654945122189
2826.5 0.3862133780559466
2827.5 0.3794469149915694
2828.5 0.4117768265295828
2829.5 0.3859933995309321
2830.5 0.37035472713819784
2831.5 0.38704186213254127
2832.5 0.38879200201995023
2833.5 0.3810469024889384
2834.5 0.3886162786526432
2835.5 0.38976537550924595
2836.5 0.37106079662502633
2837.5 0.38291016630653035
2838.5 0.3766507229997231
2839.5 0.3896707681424501
2840.5 0.37517705518486866
2841.5 0.38016689312349966
2842.5 0.3780958174437348
2843.5 0.36364185177182934
2844.5 0.3906632399086497
2845.5 0.3605299199934185
2846.5 0.3845104799116369
2847.5 0.37271411948663613
2848.5 0.3860675601240023
2849.5 0.3807685295115685
2850.5 0.3715640228351335
2851.5 0.37392617980317927
2852.5 0.3564146878388159
2853.5 0.3770447403542185
2854.5 0.36528715598313266
2855.5 0.3800803609821189
2856.5 0.3614134166954852
2857.5 0.3936059055982032
2858.5 0.35055662062977705
2859.5 0.36755812191655807
2860.5 0.3425074152432106
2861.5 0.3511955528071669
2862.5 0.3642933697484985
2863.5 0.36573670464961117
2864.5 0.35060772161008696
2865.5 0.36181981926992124
2866.5 0.3668966087796802
2867.5 0.346790144668157
2868.5 0.3339751147009009
2869.5 0.35607593721800057
2870.5 0.3753036046324283
2871.5 0.3734354576001061
2872.5 0.36661667969624545
2873.5 0.36603675629294635
2874.5 0.36007028562580956
2875.5 0.3599198398476474
2876.5 0.3453158234758895
2877.5 0.34265449483371396
2878.5 0.34313530749636284
2879.5 0.3459216315838332
2880.5 0.3482831310687183
2881.5 0.36956241907084203
2882.5 0.3182684309139172
2883.5 0.3514278104619596
2884.5 0.33953675318097326
2885.5 0.3762691879899355
2886.5 0.34131520775995977
2887.5 0.3365184234460738
2888.5 0.3424705298280292
2889.5 0.36041058845036567
2890.5 0.3424326674939851
2891.5 0.33941900917954826
2892.5 0.34376552367842905
2893.5 0.34178429888639217
2894.5 0.3563934154246401
2895.5 0.32812339953189407
2896.5 0.32537010783695164
2897.5 0.37220314470681043
2898.5 0.3570985547822352
2899.5 0.3542683993746005
2900.5 0.3305450835465114
2901.5 0.3339704297871689
2902.5 0.33954514726031393
2903.5 0.34189067409833046
2904.5 0.33388511270076815
2905.5 0.3387970220522793
2906.5 0.3434260046478965
2907.5 0.3293204320722617
2908.5 0.3319279665590425
2909.5 0.3127928757698164
2910.5 0.3530487112204076
2911.5 0.3307942562669487
2912.5 0.3236769122396542
2913.5 0.3344559632853753
2914.5 0.3221971566740214
2915.5 0.32226504888481405
2916.5 0.3194362229709312
2917.5 0.3393910375833828
2918.5 0.3098030000136968
2919.5 0.3485544072984467
2920.5 0.33480007476901275
2921.5 0.3254754692788381
2922.5 0.33907608904255043
2923.5 0.32858779703304225
2924.5 0.32664866080983546
2925.5 0.3387725685933505
2926.5 0.33363406060102274
2927.5 0.3266066346440102
2928.5 0.36197311137108057
2929.5 0.3345748462540989
2930.5 0.33718225992761314
2931.5 0.32503340552484217
2932.5 0.3422830663180212
2933.5 0.391207261903855
2934.5 0.3804891359467962
2935.5 0.35239623825479155
2936.5 0.35958456461565286
2937.5 0.34703866074187106
2938.5 0.3306753229791073
2939.5 0.35107071752697266
2940.5 0.3406081092808526
2941.5 0.35850387336604117
2942.5 0.34209735153497833
2943.5 0.3372484148984137
2944.5 0.3306049650284281
2945.5 0.355671998027561
2946.5 0.3266866746878499
2947.5 0.34717059096752545
2948.5 0.3357160861246161
2949.5 0.3197311849168892
2950.5 0.32984848527671806
2951.5 0.36259305101354067
2952.5 0.34601101489854813
2953.5 0.3461237548910168
2954.5 0.3384934887582434
2955.5 0.34850439486454554
2956.5 0.3571365548751915
2957.5 0.34485837055980445
2958.5 0.3734681094672409
2959.5 0.3345842977599347
2960.5 0.34970453872918705
2961.5 0.3632703110241063
2962.5 0.36568612011795704
2963.5 0.3256146235069889
2964.5 0.35184832048749387
2965.5 0.34134679997191997
2966.5 0.3484481223741712
2967.5 0.3262756627362576
2968.5 0.36137592810564234
2969.5 0.3550634178757538
2970.5 0.33897983463930864
2971.5 0.32270331081716747
2972.5 0.3518155846027692
2973.5 0.33894199295017585
2974.5 0.33987781229030606
2975.5 0.34345902531099887
2976.5 0.32497579547330335
2977.5 0.345642576992345
2978.5 0.33043706688292673
2979.5 0.3452519734984767
2980.5 0.3335182173379953
2981.5 0.32336670467424206
2982.5 0.32110761094061196
2983.5 0.33029857798043344
2984.5 0.33494863629434046
2985.5 0.3351832662874794
2986.5 0.3325953294212951
2987.5 0.3482261043291189
2988.5 0.32880082867218924
2989.5 0.34014885099752434
2990.5 0.3120670245212233
2991.5 0.30344840788775385
2992.5 0.35214413771345165
2993.5 0.3073503305593315
2994.5 0.3342606612632944
2995.5 0.2953590366895735
2996.5 0.32381842200169625
2997.5 0.3199135975388476
2998.5 0.33647569936999916
