wave flux
1117.4815269461078 0.0
1118.4815269461078 0.0
1119.4815269461078 0.0
1120.4815269461078 0.0
1121.4815269461078 0.0
1122.4815269461078 0.0
1123.4815269461078 0.0
1124.4815269461078 0.0
1125.4815269461078 0.0
1126.4815269461078 0.0
1127.4815269461078 0.0
1128.4815269461078 0.0
1129.4815269461078 0.0
1130.4815269461078 0.0
1131.4815269461078 0.0
1132.4815269461078 0.0
1133.4815269461078 0.0
1134.4815269461078 0.0
1135.4815269461078 0.0
1136.4815269461078 0.0
1137.4815269461078 0.0
1138.4815269461078 0.0
1139.4815269461078 0.0
1140.4815269461078 0.0
1141.4815269461078 0.0
1142.4815269461078 0.0
1143.4815269461078 0.0
1144.4815269461078 0.0
1145.4815269461078 0.0
1146.4815269461078 0.0
1147.4815269461078 0.0
1148.4815269461078 0.0
1149.4815269461078 0.0
1150.4815269461078 0.0
1151.4815269461078 0.0
1152.4815269461078 0.0
1153.4815269461078 0.0
1154.4815269461078 0.0
1155.4815269461078 0.0
1156.4815269461078 0.0
1157.4815269461078 0.0
1158.4815269461078 0.0
1159.4815269461078 0.0
1160.4815269461078 0.0
1161.4815269461078 0.0
1162.4815269461078 0.0
1163.4815269461078 0.0
1164.4815269461078 0.0
1165.4815269461078 0.0
1166.4815269461078 0.0
1167.4815269461078 0.0
1168.4815269461078 0.0
1169.4815269461078 0.0
1170.4815269461078 0.0
1171.4815269461078 0.0
1172.4815269461078 0.0
1173.4815269461078 0.0
1174.4815269461078 0.0
1175.4815269461078 0.0
1176.4815269461078 0.0
1177.4815269461078 0.0
1178.4815269461078 0.0
1179.4815269461078 0.0
1180.4815269461078 0.0
1181.4815269461078 0.0
1182.4815269461078 0.0
1183.4815269461078 0.0
1184.4815269461078 0.0
1185.4815269461078 0.0
1186.4815269461078 0.0
1187.4815269461078 0.0
1188.4815269461078 0.0
1189.4815269461078 0.0
1190.4815269461078 0.0
1191.4815269461078 0.0
1192.4815269461078 0.0
1193.4815269461078 0.0
1194.4815269461078 0.0
1195.4815269461078 0.0
1196.4815269461078 0.0
1197.4815269461078 0.0
1198.4815269461078 0.0
1199.4815269461078 0.0
1200.4815269461078 0.05661251023411751
1201.4815269461078 0.058042801916599274
1202.4815269461078 0.058042801916599274
1203.4815269461078 0.023551516234874725
1204.4815269461078 0.0
1205.4815269461078 0.0
1206.4815269461078 0.0
1207.4815269461078 0.0
1208.4815269461078 0.02605113573372364
1209.4815269461078 0.04979133605957031
1210.4815269461078 0.04979133605957031
1211.4815269461078 0.177872434258461
1212.4815269461078 0.177872434258461
1213.4815269461078 0.177872434258461
1214.4815269461078 0.14525386691093445
1215.4815269461078 0.14525386691093445
1216.4815269461078 0.14322564005851746
1217.4815269461078 0.14322564005851746
1218.4815269461078 0.2258097231388092
1219.4815269461078 0.24016524851322174
1220.4815269461078 0.4365233778953552
1221.4815269461078 0.5624098777770996
1222.4815269461078 0.9379660487174988
1223.4815269461078 0.9903818368911743
1224.4815269461078 0.9971184730529785
1225.4815269461078 1.1162124872207642
1226.4815269461078 1.3098351955413818
1227.4815269461078 1.4123995304107666
1228.4815269461078 1.4931899309158325
1229.4815269461078 1.5068608522415161
1230.4815269461078 1.5031682252883911
1231.4815269461078 1.558078408241272
1232.4815269461078 1.6804949045181274
1233.4815269461078 1.6804949045181274
1234.4815269461078 1.6804949045181274
1235.4815269461078 1.6804949045181274
1236.4815269461078 1.6804949045181274
1237.4815269461078 1.7637993097305298
1238.4815269461078 1.6672810316085815
1239.4815269461078 1.6672810316085815
1240.4815269461078 1.7524715662002563
1241.4815269461078 1.6672810316085815
1242.4815269461078 1.6268566846847534
1243.4815269461078 1.5787895917892456
1244.4815269461078 1.5783284902572632
1245.4815269461078 1.519938349723816
1246.4815269461078 1.4995837211608887
1247.4815269461078 1.3896732330322266
1248.4815269461078 1.3748819828033447
1249.4815269461078 1.3748819828033447
1250.4815269461078 1.3896732330322266
1251.4815269461078 1.3255250453948975
1252.4815269461078 1.3966463804244995
1253.4815269461078 1.4104408025741577
1254.4815269461078 1.4104408025741577
1255.4815269461078 1.3089075088500977
1256.4815269461078 1.3089075088500977
1257.4815269461078 1.3066744804382324
1258.4815269461078 1.3035038709640503
1259.4815269461078 1.2075172662734985
1260.4815269461078 1.1966954469680786
1261.4815269461078 1.1882697343826294
1262.4815269461078 1.1966954469680786
1263.4815269461078 1.1966954469680786
1264.4815269461078 1.1966954469680786
1265.4815269461078 1.2160444259643555
1266.4815269461078 1.2160444259643555
1267.4815269461078 1.1871130466461182
1268.4815269461078 1.1871130466461182
1269.4815269461078 1.3421602249145508
1270.4815269461078 1.1611645221710205
1271.4815269461078 1.1588122844696045
1272.4815269461078 1.1567775011062622
1273.4815269461078 1.1439952850341797
1274.4815269461078 1.1030700206756592
1275.4815269461078 1.0976712703704834
1276.4815269461078 1.0839555263519287
1277.4815269461078 1.0839555263519287
1278.4815269461078 1.066238284111023
1279.4815269461078 1.0532325506210327
1280.4815269461078 1.0532325506210327
1281.4815269461078 1.0532325506210327
1282.4815269461078 0.9736323356628418
1283.4815269461078 0.9736323356628418
1284.4815269461078 0.9736323356628418
1285.4815269461078 1.0174862146377563
1286.4815269461078 0.9545593857765198
1287.4815269461078 0.9545593857765198
1288.4815269461078 1.015406847000122
1289.4815269461078 0.9545593857765198
1290.4815269461078 0.9545593857765198
1291.4815269461078 1.015406847000122
1292.4815269461078 1.0603737831115723
1293.4815269461078 1.1315664052963257
1294.4815269461078 1.1470825672149658
1295.4815269461078 1.1470825672149658
1296.4815269461078 1.1315664052963257
1297.4815269461078 1.1315664052963257
1298.4815269461078 1.1306498050689697
1299.4815269461078 1.0795292854309082
1299.5 1.068233481700024
1300.5 1.1675959868389911
1301.5 1.0729122809856309
1302.5 1.2022525343655375
1303.5 1.1693017812906146
1304.5 1.1670032936561223
1305.5 1.1854429532570698
1306.5 1.1230932728118903
1307.5 1.189489021637179
1308.5 1.1050571153058049
1309.5 1.1031062358907215
1310.5 1.037740088999744
1311.5 1.0567355320583867
1312.5 1.089196614868601
1313.5 1.0160283475662342
1314.5 1.017491859102768
1315.5 0.9803992208696451
1316.5 1.0089565449928848
1317.5 0.997105237483783
1318.5 0.9977818082558721
1319.5 0.9436624000558751
1320.5 0.9575242494798794
1321.5 0.9076496951294711
1322.5 0.9183370851705357
1323.5 0.9404837665269139
1324.5 0.9909208651461281
1325.5 0.9775034567627684
1326.5 0.9605411241577889
1327.5 1.05557509884315
1328.5 0.931363668264172
1329.5 0.9677302719127019
1330.5 1.0241858022243573
1331.5 1.0455149979754064
1332.5 0.9671261512433384
1333.5 1.0287881825669278
1334.5 1.0506049891001352
1335.5 1.0215473388181655
1336.5 0.9534040775570954
1337.5 0.9248385935720959
1338.5 0.9826956253580515
1339.5 1.0185955828672713
1340.5 0.9506935362774079
1341.5 0.9864634077549538
1342.5 0.9454070680157768
1343.5 0.9875931342246231
1344.5 0.9371659131648373
1345.5 0.9837199018116216
1346.5 0.9910813583022512
1347.5 1.0015441717791151
1348.5 0.8659480725171596
1349.5 0.9610311664436061
1350.5 0.9425768824910973
1351.5 0.8710221273224371
1352.5 0.9400344661894338
1353.5 0.8970414252564931
1354.5 0.9334384597407199
1355.5 0.9460745784933443
1356.5 0.9720550734035229
1357.5 0.8949280152109956
1358.5 0.9161836590148136
1359.5 0.9623814831755707
1360.5 0.92688284164963
1361.5 0.9746283867766075
1362.5 0.9271728314019605
1363.5 0.97866367251389
1364.5 0.9288829993602489
1365.5 0.9215242000788991
1366.5 0.9778612042908738
1367.5 0.9640455338405128
1368.5 1.0509620038356728
1369.5 1.0312376275033845
1370.5 1.0191597867401805
1371.5 0.9331944061244342
1372.5 0.9843922464746554
1373.5 0.9655769353963791
1374.5 1.013486478775318
1375.5 0.9760000112144499
1376.5 1.0139817662898685
1377.5 1.0400171040049933
1378.5 1.0142246664553278
1379.5 1.034497469053662
1380.5 1.0166345687122167
1381.5 1.0614053633897587
1382.5 1.0456892477051727
1383.5 1.0637680378199235
1384.5 1.0908556020424796
1385.5 1.081387352882863
1386.5 1.105869616599986
1387.5 1.0728175618658906
1388.5 1.1209997154658728
1389.5 1.1413674647932899
1390.5 1.1294765340039117
1391.5 1.095917890582241
1392.5 1.1579138965546978
1393.5 1.1867481414267833
1394.5 1.1538621159276445
1395.5 1.1385127639181343
1396.5 1.110842920641752
1397.5 1.1190977744669823
1398.5 1.126897307872029
1399.5 1.2206472553502956
1400.5 1.1413568357631128
1401.5 1.1850301084988095
1402.5 1.1455342807762832
1403.5 1.094219274292644
1404.5 1.074567847794695
1405.5 1.0989311464965308
1406.5 1.0224567584247768
1407.5 0.97395428494884
1408.5 0.9411772571631051
1409.5 0.9682006595082736
1410.5 0.9719024993616227
1411.5 0.936610979044883
1412.5 0.986317464061981
1413.5 0.9621204889695179
1414.5 0.8956416737258022
1415.5 0.9189177357720554
1416.5 0.9412858130247943
1417.5 0.9405917694881916
1418.5 0.9160215011915279
1419.5 0.8901136200413095
1420.5 0.9160214982592408
1421.5 0.8975545635955204
1422.5 0.8732616260084712
1423.5 0.8950996061244766
1424.5 0.8826070861572047
1425.5 0.9005188987486346
1426.5 0.8755722618251753
1427.5 0.845779946859082
1428.5 0.8812738165567701
1429.5 0.8757824440560806
1430.5 0.8743549490930552
1431.5 0.8589793252068761
1432.5 0.8302901939736675
1433.5 0.867512616068981
1434.5 0.8535273354078615
1435.5 0.8405622504785752
1436.5 0.8505998459226566
1437.5 0.838991070135653
1438.5 0.8229763082193213
1439.5 0.8252875856172109
1440.5 0.8507730268585274
1441.5 0.822863842826954
1442.5 0.8357640174707033
1443.5 0.8016388143949643
1444.5 0.8413177878089693
1445.5 0.8363834469394251
1446.5 0.8594042252934824
1447.5 0.7942588718822569
1448.5 0.8381851695799797
1449.5 0.7986930351321397
1450.5 0.8546336343350133
1451.5 0.8506923459030102
1452.5 0.8604115039642057
1453.5 0.8583873146831444
1454.5 0.8696271143006539
1455.5 0.8271703544182488
1456.5 0.8843722838790256
1457.5 0.8590935723011409
1458.5 0.8407762534583116
1459.5 0.8219641096215263
1460.5 0.8300632921025857
1461.5 0.8878680210593773
1462.5 0.8541543379210712
1463.5 0.8378473542044962
1464.5 0.8347333752131992
1465.5 0.8384533971024114
1466.5 0.8501122547001237
1467.5 0.8503529524144131
1468.5 0.8452485462172259
1469.5 0.8149856699038406
1470.5 0.8429222098983791
1471.5 0.859023528262983
1472.5 0.8444075633294787
1473.5 0.8385520369216054
1474.5 0.8147486308362251
1475.5 0.8732351438491104
1476.5 0.8459663480235043
1477.5 0.8195346288942988
1478.5 0.8471520653816053
1479.5 0.8488126949482178
1480.5 0.8600241856939671
1481.5 0.8765806100402557
1482.5 0.8803702183882296
1483.5 0.889437414056075
1484.5 0.8635673644891032
1485.5 0.8966489039002861
1486.5 0.9049538582850756
1487.5 0.8566953793719924
1488.5 0.8718776095648122
1489.5 0.8631396609313041
1490.5 0.8518523783279255
1491.5 0.9056174290747928
1492.5 0.8883183428255361
1493.5 0.8641450468852099
1494.5 0.8840393444207473
1495.5 0.867300185717128
1496.5 0.9170132075973401
1497.5 0.9453622497047801
1498.5 0.9289868859377343
1499.5 0.9218360008853347
1500.5 0.9051560751283619
1501.5 0.9688395453466282
1502.5 0.9386745038450853
1503.5 0.933190469399281
1504.5 0.9463681723774185
1505.5 0.9139384149192122
1506.5 1.0002363126625857
1507.5 0.955509369146892
1508.5 0.9820049081747407
1509.5 0.9424633907558471
1510.5 0.9831232678678243
1511.5 0.9748137418030188
1512.5 0.9745344365647473
1513.5 0.9670423589397892
1514.5 0.9691743453660568
1515.5 1.0129549405427245
1516.5 1.0146443776321337
1517.5 1.0059119238744472
1518.5 1.0069570662108618
1519.5 1.02987293660694
1520.5 1.044562867293341
1521.5 1.0446370575248964
1522.5 1.0665638272783768
1523.5 1.0568866166389062
1524.5 1.054163322035568
1525.5 1.0808931405550701
1526.5 1.1244348955481867
1527.5 1.1120549175240324
1528.5 1.115038046837222
1529.5 1.1081485100660864
1530.5 1.1411265692383596
1531.5 1.1241425589983856
1532.5 1.1357155268495183
1533.5 1.1738332305299908
1534.5 1.1934962464017012
1535.5 1.217158643930059
1536.5 1.2591109702372267
1537.5 1.2321981958108363
1538.5 1.2993101513425678
1539.5 1.2776707886821248
1540.5 1.2865533673649932
1541.5 1.2789202233532464
1542.5 1.2742508882933203
1543.5 1.2876153762923777
1544.5 1.2314791108568377
1545.5 1.2526210622520824
1546.5 1.1845223040241626
1547.5 1.217784649871944
1548.5 1.2353226017903203
1549.5 1.2565622906545437
1550.5 1.1909794433606795
1551.5 1.195770777222057
1552.5 1.149675721562152
1553.5 1.0547959777030245
1554.5 1.0378760203237654
1555.5 1.0483209390178156
1556.5 0.9788441080305786
1557.5 1.0057018872960106
1558.5 0.9493757935269915
1559.5 0.9413621700737427
1560.5 0.9398474800771514
1561.5 0.9250145576192376
1562.5 0.8926574195387479
1563.5 0.8870328743070158
1564.5 0.8978721787932182
1565.5 0.8765342031199229
1566.5 0.8915285564505779
1567.5 0.8665984290167339
1568.5 0.8824136707334801
1569.5 0.8748259480404595
1570.5 0.8584131445177869
1571.5 0.8925690300596996
1572.5 0.8669402273745411
1573.5 0.8437065811459832
1574.5 0.8508559272541018
1575.5 0.8425183785237665
1576.5 0.8782212744473527
1577.5 0.8075521318059713
1578.5 0.8578090005921457
1579.5 0.8465763542165233
1580.5 0.861813773498077
1581.5 0.83937459853057
1582.5 0.8348862212857324
1583.5 0.8378360100305837
1584.5 0.8495925119191196
1585.5 0.819682802981593
1586.5 0.8439608221351418
1587.5 0.8449880810622978
1588.5 0.8183435781783941
1589.5 0.8255338189052179
1590.5 0.8031804407466239
1591.5 0.8168268163623587
1592.5 0.8308059287904115
1593.5 0.8401652766652045
1594.5 0.7970027899807886
1595.5 0.8126490162413402
1596.5 0.8347314543983736
1597.5 0.845036729852182
1598.5 0.8586745697548712
1599.5 0.8148161806583135
1600.5 0.8406420613318601
1601.5 0.845831745114433
1602.5 0.8344723956739545
1603.5 0.8404021103334335
1604.5 0.8275233346334144
1605.5 0.8449093216034822
1606.5 0.8401789423010132
1607.5 0.8125468414364927
1608.5 0.8659844780882384
1609.5 0.8464301174933927
1610.5 0.8435654811342636
1611.5 0.8371274383338158
1612.5 0.839338690734208
1613.5 0.8504592019345357
1614.5 0.8202420677249336
1615.5 0.8328796244709745
1616.5 0.8224475892484119
1617.5 0.8334119508084501
1618.5 0.823877604416461
1619.5 0.8243366356732661
1620.5 0.8110245571659541
1621.5 0.8066770187890947
1622.5 0.8331703732814758
1623.5 0.8341627879586666
1624.5 0.8253278120357431
1625.5 0.8294865896955965
1626.5 0.840567215626866
1627.5 0.82626621511552
1628.5 0.8200660452854922
1629.5 0.8321419979914947
1630.5 0.8454407255747387
1631.5 0.8180983980709747
1632.5 0.8367187479409053
1633.5 0.8270354983901975
1634.5 0.8645011278773034
1635.5 0.8459077622187852
1636.5 0.8321767228321592
1637.5 0.8506742168110021
1638.5 0.8301049642759825
1639.5 0.8469095060549817
1640.5 0.812353088894237
1641.5 0.8271696823162327
1642.5 0.7986650083564437
1643.5 0.808102619621502
1644.5 0.8079078077819215
1645.5 0.8408716652712581
1646.5 0.8264989949651695
1647.5 0.7954047333936132
1648.5 0.7688186338632919
1649.5 0.8263992547030337
1650.5 0.8057937518528657
1651.5 0.8018647019631375
1652.5 0.8009475420412048
1653.5 0.7935090597691348
1654.5 0.7806114405296346
1655.5 0.8083839847611524
1656.5 0.8167645278709211
1657.5 0.8094100516496616
1658.5 0.8240951528178445
1659.5 0.8538718916814372
1660.5 0.8195031674345743
1661.5 0.7983278182858995
1662.5 0.7986216209226545
1663.5 0.8211123627217047
1664.5 0.8232510142347902
1665.5 0.7993284452544913
1666.5 0.7762549300196111
1667.5 0.8124609113781883
1668.5 0.7751511033925419
1669.5 0.7775779123093107
1670.5 0.7952027068087552
1671.5 0.8000963895630485
1672.5 0.791112281269626
1673.5 0.7783335328137265
1674.5 0.7861374844264335
1675.5 0.7738653163095364
1676.5 0.7645827789518913
1677.5 0.7722701758149327
1678.5 0.729140109289641
1679.5 0.7446427881129689
1680.5 0.7339639010926495
1681.5 0.7350765723391648
1682.5 0.7493238034721112
1683.5 0.75209144073617
1684.5 0.7268622909873542
1685.5 0.7500522911566134
1686.5 0.7581807280169296
1687.5 0.7472543775188202
1688.5 0.7642234068566415
1689.5 0.7686080268412482
1690.5 0.7513756374202333
1691.5 0.7395385585958884
1692.5 0.7207816089540061
1693.5 0.7430677604212944
1694.5 0.7835080158754524
1695.5 0.7346981038981897
1696.5 0.7521046924498952
1697.5 0.7361747199774749
1698.5 0.7032686808403659
1699.5 0.7499195735241702
1700.5 0.7591387490070899
1701.5 0.7678197395676016
1702.5 0.7675029208261587
1703.5 0.7803932868612831
1704.5 0.7770370970945387
1705.5 0.7407203790166057
1706.5 0.7860591763306208
1707.5 0.754943002720647
1708.5 0.7257178166858956
1709.5 0.7689488774203328
1710.5 0.7730919870253665
1711.5 0.7882467765615656
1712.5 0.752232487638893
1713.5 0.7623514141372106
1714.5 0.7529852247951893
1715.5 0.7690398386950363
1716.5 0.7316007223130016
1717.5 0.7558581062248605
1718.5 0.7700586177479345
1719.5 0.763188867751276
1720.5 0.7354505983291759
1721.5 0.7516706352729167
1722.5 0.7415616307738945
1723.5 0.7549306784295745
1724.5 0.7660156287445041
1725.5 0.7561051179343056
1726.5 0.7807610240175697
1727.5 0.7395143445108742
1728.5 0.7413604115813605
1729.5 0.7412118639326556
1730.5 0.7313176524583247
1731.5 0.7412708499836556
1732.5 0.7418786515924378
1733.5 0.7335323874495315
1734.5 0.7174188694885372
1735.5 0.7580748531103182
1736.5 0.7527327665636864
1737.5 0.7631320537308963
1738.5 0.7527886728111701
1739.5 0.7234629284645945
1740.5 0.7118344897366652
1741.5 0.7486229300850996
1742.5 0.7629988705653347
1743.5 0.7357846309556504
1744.5 0.7631369031529982
1745.5 0.7538574487056033
1746.5 0.7570181836531893
1747.5 0.7574457401861225
1748.5 0.7497890696372931
1749.5 0.7530287601181839
1750.5 0.7386229151580384
1751.5 0.7209631385339751
1752.5 0.7375200134199504
1753.5 0.7292619238560488
1754.5 0.7334427857809004
1755.5 0.7229133938297241
1756.5 0.7269388173004693
1757.5 0.7089251673859343
1758.5 0.7370317084457131
1759.5 0.7230222898374868
1760.5 0.7340105162341454
1761.5 0.6955172512121781
1762.5 0.7203003672580637
1763.5 0.7233018264951029
1764.5 0.74603722942969
1765.5 0.737512533300452
1766.5 0.7340113608576257
1767.5 0.7326440744757684
1768.5 0.7713144535994167
1769.5 0.7638581806645727
1770.5 0.7471109452997156
1771.5 0.7341931376680702
1772.5 0.7359027127524711
1773.5 0.7683326723510316
1774.5 0.7199814415636787
1775.5 0.7445533319765
1776.5 0.7143098411014406
1777.5 0.7088529338004296
1778.5 0.7131711027861701
1779.5 0.7481513014983978
1780.5 0.716348299353963
1781.5 0.7602694853994044
1782.5 0.7852275977177537
1783.5 0.7161924326554802
1784.5 0.7415348686160601
1785.5 0.7144478042861245
1786.5 0.6821360310560408
1787.5 0.7195624064708958
1788.5 0.7256857061454982
1789.5 0.7500152984219378
1790.5 0.7394965559161746
1791.5 0.7065456948473967
1792.5 0.6708482271956638
1793.5 0.721793138103917
1794.5 0.7427435880563008
1795.5 0.7454133404070444
1796.5 0.7514127902181944
1797.5 0.7036784245902827
1798.5 0.7235208906398465
1799.5 0.7347925065656654
1800.5 0.7967277219758913
1801.5 0.7271767010691383
1802.5 0.7145837710667637
1803.5 0.7300194856421273
1804.5 0.7147234832479369
1805.5 0.7146073492563455
1806.5 0.7171069753091189
1807.5 0.7063152130443893
1808.5 0.6946293801612993
1809.5 0.7472064186146121
1810.5 0.7455020865647104
1811.5 0.7141752199315056
1812.5 0.7295277872853435
1813.5 0.7077011325947494
1814.5 0.749482004625318
1815.5 0.7668074072170319
1816.5 0.7444002633970374
1817.5 0.7364917582711875
1818.5 0.7453378487418911
1819.5 0.7528026633358301
1820.5 0.7484860357282501
1821.5 0.7561852200825188
1822.5 0.7582931118469772
1823.5 0.7208221948688601
1824.5 0.7372137543872397
1825.5 0.76063467735574
1826.5 0.7393953946961862
1827.5 0.7134883406867075
1828.5 0.737617354404464
1829.5 0.7208331488239377
1830.5 0.7347196764727953
1831.5 0.7280082959710146
1832.5 0.7327996466426275
1833.5 0.745049038274771
1834.5 0.694537001359272
1835.5 0.7301209292456595
1836.5 0.7494153248863202
1837.5 0.7689360321094628
1838.5 0.7502373079646942
1839.5 0.7412500992651376
1840.5 0.7026045725969291
1841.5 0.7423446457382865
1842.5 0.7828400696944454
1843.5 0.733602604009687
1844.5 0.763134726176905
1845.5 0.8137504618125566
1846.5 0.7659613423825795
1847.5 0.8124728905613313
1848.5 0.7795587790066685
1849.5 0.7807072938078847
1850.5 0.8073042687604363
1851.5 0.7828507456159663
1852.5 0.812802351417154
1853.5 0.747854816705012
1854.5 0.7574602687227694
1855.5 0.7879653196431289
1856.5 0.7884609165097928
1857.5 0.7620576366432197
1858.5 0.8142598702374971
1859.5 0.7692457221315316
1860.5 0.7768348229464553
1861.5 0.8014509970440323
1862.5 0.8198554240318905
1863.5 0.8202998937836171
1864.5 0.8274308759996335
1865.5 0.7955586402737679
1866.5 0.8312174804899279
1867.5 0.7704417385848199
1868.5 0.7809077323111361
1869.5 0.7839170422417593
1870.5 0.7509994077027635
1871.5 0.7709493372286473
1872.5 0.74550173050053
1873.5 0.7931929528592853
1874.5 0.8063930853928944
1875.5 0.7790848583062379
1876.5 0.788480408838175
1877.5 0.7829747273800273
1878.5 0.8248115433259031
1879.5 0.822225462751956
1880.5 0.796356034880319
1881.5 0.826981400688497
1882.5 0.8411679234753174
1883.5 0.8293615133275242
1884.5 0.8410051409698704
1885.5 0.8222982623426909
1886.5 0.8471237349664047
1887.5 0.8559368988398615
1888.5 0.8384172972451517
1889.5 0.8873282234934045
1890.5 0.8941260569446464
1891.5 0.9466482868739926
1892.5 0.9176211678027556
1893.5 0.8750938439194135
1894.5 0.8991129698034457
1895.5 0.8939598412475225
1896.5 0.9047818358871781
1897.5 0.8816376065438616
1898.5 0.8702974074260614
1899.5 0.8981991309341415
1900.5 0.8575067651271944
1901.5 0.8915747038768902
1902.5 0.879620303585359
1903.5 0.8962236640680808
1904.5 0.9270332642653841
1905.5 0.8969479765946332
1906.5 0.95920898890845
1907.5 0.9166204912784357
1908.5 0.8616774993984673
1909.5 0.9350649529234706
1910.5 0.888771827180385
1911.5 0.8850044624532267
1912.5 0.9585223804345374
1913.5 0.9326903863862991
1914.5 0.8753455056146442
1915.5 0.860092318310549
1916.5 0.8589986406527039
1917.5 0.8139046442633174
1918.5 0.7982905558798663
1919.5 0.7869133835157464
1920.5 0.7766021727197722
1921.5 0.7744751540323872
1922.5 0.7604589675425256
1923.5 0.7606195219129293
1924.5 0.7525347489713402
1925.5 0.7827060786332566
1926.5 0.7834567922740462
1927.5 0.7256645167283665
1928.5 0.7162816497827638
1929.5 0.7097047939183679
1930.5 0.7045509518737268
1931.5 0.7164756307604516
1932.5 0.709010763503596
1933.5 0.6799044743028332
1934.5 0.69593383936864
1935.5 0.7032596654940056
1936.5 0.7037296791595476
1937.5 0.6999946281219321
1938.5 0.6760320347657214
1939.5 0.6832495738408513
1940.5 0.6755309437446253
1941.5 0.6691885499742486
1942.5 0.6542376456074025
1943.5 0.6920238275086527
1944.5 0.6679469279585631
1945.5 0.6662382158195206
1946.5 0.6515721464941269
1947.5 0.6507655163699103
1948.5 0.6659820965697713
1949.5 0.6853679033122008
1950.5 0.653905667713587
1951.5 0.6529114405017522
1952.5 0.6401735024975619
1953.5 0.6526723278444453
1954.5 0.6463180943174103
1955.5 0.639486683716052
1956.5 0.633153201327044
1957.5 0.6344008085275235
1958.5 0.6373364350007152
1959.5 0.6395931022241463
1960.5 0.6420321172040032
1961.5 0.6060323530901738
1962.5 0.5987073204903484
1963.5 0.6092048609734049
1964.5 0.6009295753634322
1965.5 0.617143486050636
1966.5 0.6077621664257774
1967.5 0.6271505739844113
1968.5 0.5893201035740677
1969.5 0.5997445388179095
1970.5 0.6089464192578352
1971.5 0.6225345724505503
1972.5 0.5912364071945194
1973.5 0.5975432032114627
1974.5 0.5976062853124087
1975.5 0.6121074461902052
1976.5 0.5899709829542475
1977.5 0.6054826534031601
1978.5 0.6118541884453798
1979.5 0.6311910261896349
1980.5 0.5993502473493284
1981.5 0.626831489844362
1982.5 0.6152326969068118
1983.5 0.6331730993348171
1984.5 0.6672032510694379
1985.5 0.6193505717589817
1986.5 0.6140472513242035
1987.5 0.6489610849581001
1988.5 0.6311362001470897
1989.5 0.6189829696212855
1990.5 0.6022484228708417
1991.5 0.596087004322618
1992.5 0.615548611484525
1993.5 0.6243389869270389
1994.5 0.5937940379990566
1995.5 0.6059378125801569
1996.5 0.5809086178574597
1997.5 0.6069585002811309
1998.5 0.6448884435868062
1999.5 0.6284047662731808
2000.5 0.6257082513272381
2001.5 0.5877372887960143
2002.5 0.5897111541706439
2003.5 0.6252602442181018
2004.5 0.6216676299005695
2005.5 0.6112933857798775
2006.5 0.5994013423072111
2007.5 0.6045779013752564
2008.5 0.6149621464284093
2009.5 0.6231417665784281
2010.5 0.5866577558698933
2011.5 0.6362509818886559
2012.5 0.6089892395301841
2013.5 0.617499023183331
2014.5 0.5948212439394032
2015.5 0.5948226248465058
2016.5 0.5692864542269702
2017.5 0.5779958170697274
2018.5 0.5859155600960649
2019.5 0.5829308475569979
2020.5 0.5808434593445541
2021.5 0.6180242591937366
2022.5 0.5804187332041876
2023.5 0.5974219211572745
2024.5 0.5945008977470859
2025.5 0.5851772345254711
2026.5 0.5979559537622624
2027.5 0.5717327016609124
2028.5 0.575759184899757
2029.5 0.5849547089183944
2030.5 0.6135289307463798
2031.5 0.5957061236988764
2032.5 0.6079823567135021
2033.5 0.5779189562231548
2034.5 0.5667736607398767
2035.5 0.6083423115866448
2036.5 0.6045106500490707
2037.5 0.6119710836959772
2038.5 0.591602034004339
2039.5 0.6064562669443131
2040.5 0.6016347412434788
2041.5 0.5982987083486963
2042.5 0.6007678424945363
2043.5 0.6047054078498534
2044.5 0.5935672069471201
2045.5 0.5945434083757871
2046.5 0.6051936860758961
2047.5 0.5830196695464257
2048.5 0.5955313590203154
2049.5 0.6097516740159973
2050.5 0.6004196067819315
2051.5 0.5948212316099865
2052.5 0.5971268004965375
2053.5 0.5978183128002781
2054.5 0.6215756318718276
2055.5 0.6101100951875223
2056.5 0.6461338624951208
2057.5 0.5983889429417076
2058.5 0.620090264807094
2059.5 0.6164478290077584
2060.5 0.6331865738923521
2061.5 0.6274499714339832
2062.5 0.6265392984111037
2063.5 0.6155149434895267
2064.5 0.618103544556086
2065.5 0.6432214560457279
2066.5 0.6316919040381892
2067.5 0.6261327235755865
2068.5 0.6462782853758657
2069.5 0.6518088317389326
2070.5 0.6357882562504444
2071.5 0.6118111349175003
2072.5 0.6387018004896924
2073.5 0.6189061377926935
2074.5 0.5758964281744879
2075.5 0.6121565814120026
2076.5 0.6112312141165321
2077.5 0.6252710010899569
2078.5 0.6056663298829975
2079.5 0.5953369950637477
2080.5 0.5934602844255938
2081.5 0.6164177932315602
2082.5 0.6291575809451743
2083.5 0.6175051209422084
2084.5 0.5842172184466077
2085.5 0.6051240886692779
2086.5 0.587659431371801
2087.5 0.5945726554752971
2088.5 0.5930770669104336
2089.5 0.596833299800299
2090.5 0.5882239251581313
2091.5 0.6123753587649848
2092.5 0.5591120374550445
2093.5 0.5711493980132387
2094.5 0.5774044374586119
2095.5 0.5734505953212534
2096.5 0.5805258602674732
2097.5 0.5679242665895464
2098.5 0.5863861924561717
2099.5 0.5820760995713452
2100.5 0.5646278970072061
2101.5 0.5792538692403242
2102.5 0.579416629236537
2103.5 0.5787924644434753
2104.5 0.585472256183465
2105.5 0.5575445860089236
2106.5 0.5612928709304844
2107.5 0.6355417636844161
2108.5 0.5944206418948831
2109.5 0.5823234311321445
2110.5 0.5460222752924424
2111.5 0.5429544472139304
2112.5 0.5603888822685699
2113.5 0.5487664400423471
2114.5 0.5498358092585243
2115.5 0.5593061620604197
2116.5 0.6025463757293993
2117.5 0.5859990710476919
2118.5 0.545145917453848
2119.5 0.5600808944883883
2120.5 0.5733875185433867
2121.5 0.5174267405704368
2122.5 0.5620297070548548
2123.5 0.5519000240160494
2124.5 0.5651071222611156
2125.5 0.520207571089689
2126.5 0.5315158404013801
2127.5 0.5412693508337749
2128.5 0.5618026310742485
2129.5 0.5572762612041917
2130.5 0.5558743764694065
2131.5 0.5688641957777801
2132.5 0.536974802509356
2133.5 0.5381618498579436
2134.5 0.5455424273008006
2135.5 0.5660268492097157
2136.5 0.5466841894166914
2137.5 0.5741912820616332
2138.5 0.556153685609854
2139.5 0.5175522495847652
2140.5 0.5484542028548449
2141.5 0.5677260822382793
2142.5 0.5468754458752919
2143.5 0.5549472568559495
2144.5 0.5552462926037679
2145.5 0.5401651776981312
2146.5 0.5643913882065406
2147.5 0.5367804613849628
2148.5 0.5815875206428026
2149.5 0.5719161558862887
2150.5 0.5485719522954247
2151.5 0.5250796245227508
2152.5 0.5368744772374392
2153.5 0.5609485656910168
2154.5 0.5252017336213965
2155.5 0.5212910035407605
2156.5 0.533383486101884
2157.5 0.5282317836459027
2158.5 0.5577124495196274
2159.5 0.5221716580667524
2160.5 0.5185309265774125
2161.5 0.5140779690924425
2162.5 0.5120729705716776
2163.5 0.52587832945491
2164.5 0.5530074761632936
2165.5 0.5182158135369452
2166.5 0.51398230882028
2167.5 0.5391301770694232
2168.5 0.5533312555593634
2169.5 0.5267645941628695
2170.5 0.5350271629862953
2171.5 0.5341238872162715
2172.5 0.5221900101681296
2173.5 0.5325513103872077
2174.5 0.5398193544243473
2175.5 0.564125955261733
2176.5 0.5355395693459645
2177.5 0.5143118048970309
2178.5 0.5261505884662777
2179.5 0.533897091480006
2180.5 0.5561425439158508
2181.5 0.511779327527852
2182.5 0.5288775098348268
2183.5 0.5322481031775059
2184.5 0.5171116712432211
2185.5 0.5094269645820197
2186.5 0.5026612083421886
2187.5 0.5288545939727664
2188.5 0.5087544983032207
2189.5 0.5349615063849134
2190.5 0.5194673129853167
2191.5 0.5059963358228484
2192.5 0.5196680066041548
2193.5 0.5254654848101403
2194.5 0.4907683571061572
2195.5 0.507552135333855
2196.5 0.49332746734610483
2197.5 0.5083433878475979
2198.5 0.5140293186894173
2199.5 0.5022405547857016
2200.5 0.5140987399052396
2201.5 0.4962264018689844
2202.5 0.5074923061529562
2203.5 0.5240000719404023
2204.5 0.5306363431157888
2205.5 0.4998400374444346
2206.5 0.5028165162166988
2207.5 0.5065916552762837
2208.5 0.5468135641265139
2209.5 0.5265771762668153
2210.5 0.5394955038174316
2211.5 0.52903699800528
2212.5 0.5033446000885818
2213.5 0.5022026129594693
2214.5 0.5195484298534229
2215.5 0.5311961195304822
2216.5 0.5106791684340782
2217.5 0.5293029117305874
2218.5 0.5100652119126117
2219.5 0.520869510608884
2220.5 0.5567135051884703
2221.5 0.4795253219523705
2222.5 0.5241775297889826
2223.5 0.5207549941341769
2224.5 0.5362348030546786
2225.5 0.5319870742433016
2226.5 0.5190515117311353
2227.5 0.5152896058008712
2228.5 0.4966130008783166
2229.5 0.5259448126924753
2230.5 0.509102722433091
2231.5 0.50878381911451
2232.5 0.4945658604070142
2233.5 0.47550724126636135
2234.5 0.502485904624305
2235.5 0.5297087973218945
2236.5 0.539717776794611
2237.5 0.5171996460349919
2238.5 0.5163364843848351
2239.5 0.49069602068290963
2240.5 0.4777303230070188
2241.5 0.5085304029117749
2242.5 0.4787622296458747
2243.5 0.4897690608441856
2244.5 0.48369376804954645
2245.5 0.5242643028155828
2246.5 0.5064979946657274
2247.5 0.49464983857410344
2248.5 0.5305351757509715
2249.5 0.4953672863489472
2250.5 0.500825481927866
2251.5 0.5350621920681772
2252.5 0.5010208090874593
2253.5 0.5565704833931724
2254.5 0.5159049274339087
2255.5 0.5137793874035825
2256.5 0.5206758511096292
2257.5 0.4960813660525397
2258.5 0.4969375135965861
2259.5 0.5247489968852662
2260.5 0.5288996609355854
2261.5 0.5041709250050259
2262.5 0.512871077040768
2263.5 0.5099056637631453
2264.5 0.5372230835122909
2265.5 0.5204533949212033
2266.5 0.506147886809516
2267.5 0.4944777287648513
2268.5 0.524378370744864
2269.5 0.5182845520114406
2270.5 0.5383515798322326
2271.5 0.5347262013450559
2272.5 0.5130060316730879
2273.5 0.5678063385262289
2274.5 0.5142971391918889
2275.5 0.5500317697053463
2276.5 0.4983876116475304
2277.5 0.539235987941203
2278.5 0.5287067392824666
2279.5 0.5336512138816836
2280.5 0.5186018341665656
2281.5 0.5006408079401996
2282.5 0.516407837392414
2283.5 0.5411533603749897
2284.5 0.4944304365042952
2285.5 0.5190259681790426
2286.5 0.4990610692383809
2287.5 0.5195422692674393
2288.5 0.5247707994981553
2289.5 0.5098200684539691
2290.5 0.558021407092819
2291.5 0.5202549103995303
2292.5 0.546599797527737
2293.5 0.5484319776595955
2294.5 0.534764967391464
2295.5 0.554551567043176
2296.5 0.5482284880406945
2297.5 0.5113754198506973
2298.5 0.5330706143801209
2299.5 0.5325779227400333
2300.5 0.5269910683455927
2301.5 0.5226876146989501
2302.5 0.553955480185417
2303.5 0.5282018485387394
2304.5 0.5532023131253947
2305.5 0.5296033302815237
2306.5 0.5314578837752004
2307.5 0.5116542863526704
2308.5 0.5583762194707469
2309.5 0.5537625978230115
2310.5 0.5289349746870726
2311.5 0.5376444989840284
2312.5 0.586353794399868
2313.5 0.52396209809918
2314.5 0.5255858757363188
2315.5 0.578052024861887
2316.5 0.5503987824275074
2317.5 0.5528365957139503
2318.5 0.5440728963524836
2319.5 0.5233260142919638
2320.5 0.5009103973875005
2321.5 0.538318466442016
2322.5 0.5403142754425617
2323.5 0.5430457143336527
2324.5 0.5686574368715692
2325.5 0.5268998686778887
2326.5 0.5318065065320028
2327.5 0.564028657310286
2328.5 0.5423069431948545
2329.5 0.5475354307530536
2330.5 0.5654285192801967
2331.5 0.5811694356781165
2332.5 0.5084125828104169
2333.5 0.5180168578169231
2334.5 0.5096893529735812
2335.5 0.5169712318845163
2336.5 0.5340787809086711
2337.5 0.5535000319684997
2338.5 0.5278151090303236
2339.5 0.5238848313734333
2340.5 0.5180832289638875
2341.5 0.5077096463128236
2342.5 0.5149684936544755
2343.5 0.4862977407238759
2344.5 0.502564348205383
2345.5 0.49942296874902226
2346.5 0.5064877675582669
2347.5 0.4976977039274143
2348.5 0.5131579549129139
2349.5 0.5218101147016021
2350.5 0.5185590744759895
2351.5 0.5010407365346593
2352.5 0.48915314469517296
2353.5 0.5110897439016691
2354.5 0.5123036136938605
2355.5 0.5037283977723304
2356.5 0.5037768332407898
2357.5 0.5363849270663166
2358.5 0.5176770893543324
2359.5 0.5156251223975284
2360.5 0.4697592637708739
2361.5 0.5295526194562887
2362.5 0.4819565374676663
2363.5 0.5042625646399809
2364.5 0.47769249823748733
2365.5 0.4966008547650272
2366.5 0.468455048990732
2367.5 0.5096403542792765
2368.5 0.46955885449206153
2369.5 0.4952590988000842
2370.5 0.5165836948247269
2371.5 0.456626906399742
2372.5 0.5196049423568215
2373.5 0.5179592327590283
2374.5 0.4863104636477801
2375.5 0.5208842881548411
2376.5 0.5055665468534514
2377.5 0.5209972817589276
2378.5 0.4744476362986041
2379.5 0.5073157133733655
2380.5 0.47183386256154997
2381.5 0.4806170431803089
2382.5 0.48007843725632127
2383.5 0.47605355810096067
2384.5 0.5237625984267443
2385.5 0.47881790115337325
2386.5 0.4982382638053912
2387.5 0.5096192391461768
2388.5 0.47088559415592934
2389.5 0.4623706351878814
2390.5 0.45392718925719067
2391.5 0.5243388728633603
2392.5 0.4345627009602247
2393.5 0.5213545841075696
2394.5 0.5142522510532819
2395.5 0.5364704141822577
2396.5 0.4407560764026682
2397.5 0.5121299609492459
2398.5 0.4692159480493827
2399.5 0.5298841645368522
2400.5 0.5145574480387856
2401.5 0.5305523327713235
2402.5 0.4979161877332135
2403.5 0.5169023423477377
2404.5 0.46601934348297247
2405.5 0.5420882155104001
2406.5 0.5213642301799337
2407.5 0.4973002279468984
2408.5 0.6193217373296761
2409.5 0.5295878732689452
2410.5 0.5531097675152077
2411.5 0.46304262588852463
2412.5 0.48900300085216025
2413.5 0.5218492162218481
2414.5 0.5104456450966692
2415.5 0.579777528574952
2416.5 0.5412908007951506
2417.5 0.48279435513193514
2418.5 0.6368658803968023
2419.5 0.50401009039348
2420.5 0.5834893614634995
2421.5 0.6257100212516762
2422.5 0.5518666302594277
2423.5 0.5625553438595641
2424.5 0.5700927267427877
2425.5 0.5949123360180317
2426.5 0.55287392538449
2427.5 0.5213276608041164
2428.5 0.4797216316458663
2429.5 0.5255186319689921
2430.5 0.5635612072782462
2431.5 0.5476491436295835
2432.5 0.5705775861412096
2433.5 0.49066833980876157
2434.5 0.547270164000106
2435.5 0.5562796894836717
2436.5 0.5394586500750779
2437.5 0.5148175713159479
2438.5 0.5322045867585172
2439.5 0.47769211457152055
2440.5 0.4642928067521108
2441.5 0.46233464414735587
2442.5 0.4881762790558273
2443.5 0.5006754798715755
2444.5 0.522151166153999
2445.5 0.4891472011740563
2446.5 0.5412481696993335
2447.5 0.48138339558442006
2448.5 0.5136212416594607
2449.5 0.5315969373752789
2450.5 0.4883721281622231
2451.5 0.5385698137653984
2452.5 0.4981392310480614
2453.5 0.5179710779467936
2454.5 0.5512247010905271
2455.5 0.5020363110819852
2456.5 0.4927929088536601
2457.5 0.5338271675370652
2458.5 0.4754570475544129
2459.5 0.49972977573174265
2460.5 0.47927719643344785
2461.5 0.5134274671495573
2462.5 0.4912544423739289
2463.5 0.5316977911704727
2464.5 0.4773903967800173
2465.5 0.4806200742262731
2466.5 0.45717449779003555
2467.5 0.5225503152872247
2468.5 0.4580985927552198
2469.5 0.5238550975086965
2470.5 0.45105605671669297
2471.5 0.5408540126030651
2472.5 0.5299822294938158
2473.5 0.5364683166757543
2474.5 0.5110370537402402
2475.5 0.508818207870422
2476.5 0.5297140425923029
2477.5 0.5238916366077043
2478.5 0.4953217632630923
2479.5 0.5467664292431618
2480.5 0.5088943852946243
2481.5 0.482838072821399
2482.5 0.48300629560305725
2483.5 0.4989449136109692
2484.5 0.48310919845352024
2485.5 0.46920616439531565
2486.5 0.5428582004658039
2487.5 0.49414190569552163
2488.5 0.4620806694406049
2489.5 0.5485345346692101
2490.5 0.5450478731865706
2491.5 0.497958113323128
2492.5 0.5011660067269387
2493.5 0.5338341147907105
2494.5 0.5180129501743802
2495.5 0.5305280053609673
2496.5 0.5283366622922376
2497.5 0.4851805411715424
2498.5 0.5324434519459932
2499.5 0.5365329452543117
2500.5 0.5463092224560996
2501.5 0.504963741776805
2502.5 0.5127539960632992
2503.5 0.5209819333196862
2504.5 0.46013244437451856
2505.5 0.5509913736666797
2506.5 0.4983031409533634
2507.5 0.5759039869764361
2508.5 0.5031738674377769
2509.5 0.5113687725274615
2510.5 0.5189376346359498
2511.5 0.5089202234198384
2512.5 0.476424229913683
2513.5 0.5373092908913211
2514.5 0.5913588259793329
2515.5 0.4994165950269843
2516.5 0.5120786830927619
2517.5 0.501490078819262
2518.5 0.5247331457284787
2519.5 0.5292686074160248
2520.5 0.490994218809739
2521.5 0.5207450351133979
2522.5 0.45905583459800386
2523.5 0.5342317768265766
2524.5 0.5160360874596693
2525.5 0.5480247256762578
2526.5 0.5137703179551429
2527.5 0.5046997286270509
2528.5 0.5381346412777939
2529.5 0.49372399449754467
2530.5 0.5158736096662506
2531.5 0.48110118644706906
2532.5 0.5059430651169676
2533.5 0.4888574585101752
2534.5 0.5056526372986487
2535.5 0.5198184262302706
2536.5 0.49478578897959546
2537.5 0.5102633745314455
2538.5 0.5071189843369247
2539.5 0.49945422091375
2540.5 0.493222667839633
2541.5 0.499053909508457
2542.5 0.5311112919689517
2543.5 0.4845750128970077
2544.5 0.4765452533538734
2545.5 0.512752411761369
2546.5 0.5058932994299287
2547.5 0.5047643654159338
2548.5 0.49260566883323403
2549.5 0.5015611979735453
2550.5 0.4960230063667366
2551.5 0.480373099838108
2552.5 0.4959955728892836
2553.5 0.5160957017280591
2554.5 0.5216311483284781
2555.5 0.5096812709542106
2556.5 0.4986183961803848
2557.5 0.49673997084392746
2558.5 0.4837953424859499
2559.5 0.5011452369000466
2560.5 0.5460807342329748
2561.5 0.46822485254045004
2562.5 0.5136902205272098
2563.5 0.4769345487673368
2564.5 0.4872855918884884
2565.5 0.4740719661872238
2566.5 0.4738544792460471
2567.5 0.4836410151688113
2568.5 0.4655383910709659
2569.5 0.506158454160769
2570.5 0.47573067020498816
2571.5 0.48710106920077206
2572.5 0.4488814991109446
2573.5 0.44349148505079217
2574.5 0.46079612302587786
2575.5 0.48037645397196327
2576.5 0.4540231588367742
2577.5 0.4684445939476151
2578.5 0.4605393010885368
2579.5 0.46658502554229736
2580.5 0.5046263362210106
2581.5 0.4431619074621303
2582.5 0.4689509751031767
2583.5 0.4660108052524702
2584.5 0.4728194742314608
2585.5 0.45108093076534245
2586.5 0.42616593158381816
2587.5 0.42799613285262517
2588.5 0.4406240265958293
2589.5 0.4173515928328004
2590.5 0.4526946220262583
2591.5 0.4619293194373191
2592.5 0.43130723374258273
2593.5 0.44291553970276065
2594.5 0.46312395093512193
2595.5 0.4330218993066044
2596.5 0.4503973410471999
2597.5 0.4368853855982842
2598.5 0.4441028609351716
2599.5 0.4308114479917165
2600.5 0.4538318770533558
2601.5 0.4304839811386391
2602.5 0.4494733195999249
2603.5 0.45706759200655334
2604.5 0.44076551053585394
2605.5 0.44787067231654004
2606.5 0.422082167495702
2607.5 0.4679141598027919
2608.5 0.4599336614278921
2609.5 0.47477046203192075
2610.5 0.46450343139062555
2611.5 0.464530554544404
2612.5 0.4665891283552175
2613.5 0.46128658609036194
2614.5 0.4249967942712589
2615.5 0.4660506242813563
2616.5 0.44584239384952723
2617.5 0.46091133139859547
2618.5 0.4498591228800445
2619.5 0.4476311168142732
2620.5 0.45364844581646696
2621.5 0.4355177557572325
2622.5 0.44811179461578843
2623.5 0.45458667612485
2624.5 0.4346094539373413
2625.5 0.4356532261587439
2626.5 0.42677786403342716
2627.5 0.45085358540672166
2628.5 0.43631507620360444
2629.5 0.4475233190346342
2630.5 0.44925435352549714
2631.5 0.43482970786045544
2632.5 0.42193987349371603
2633.5 0.42141451391254453
2634.5 0.4491049451796505
2635.5 0.44541233371109135
2636.5 0.46472288569233733
2637.5 0.43993138574827534
2638.5 0.4508108640942649
2639.5 0.4173316533029679
2640.5 0.42933710919515294
2641.5 0.42528124732050454
2642.5 0.46241927939353583
2643.5 0.38808979391064163
2644.5 0.455372830145384
2645.5 0.46790079366540577
2646.5 0.40484516959892564
2647.5 0.42951381925362314
2648.5 0.4139288698183763
2649.5 0.44190801309066013
2650.5 0.40497789282359853
2651.5 0.3820749926835173
2652.5 0.3835351348551308
2653.5 0.3934285120776264
2654.5 0.40159866334805433
2655.5 0.4172781767735461
2656.5 0.4124505407784051
2657.5 0.41969015782204816
2658.5 0.43528705831108905
2659.5 0.42561840080896807
2660.5 0.4281283217526556
2661.5 0.42444479199365154
2662.5 0.41244000421948157
2663.5 0.4023738400267482
2664.5 0.44004245061621117
2665.5 0.4141495785354833
2666.5 0.4065775665401284
2667.5 0.4079957590169749
2668.5 0.4390329916962972
2669.5 0.41859451211354376
2670.5 0.4164453706635805
2671.5 0.4042935148537119
2672.5 0.41641006244318046
2673.5 0.404785465141157
2674.5 0.4303435559076828
2675.5 0.43587977021702196
2676.5 0.42264821423654264
2677.5 0.41975249439471923
2678.5 0.42103764282431516
2679.5 0.4353841120877515
2680.5 0.3998497294921468
2681.5 0.43152217515596697
2682.5 0.4166508928203842
2683.5 0.412662944114613
2684.5 0.40838341639052156
2685.5 0.415082764849141
2686.5 0.4356599386757195
2687.5 0.42214061679648873
2688.5 0.402255374679075
2689.5 0.4123241127192466
2690.5 0.4330776998910273
2691.5 0.41642246920933274
2692.5 0.42270996727846455
2693.5 0.39319300355695647
2694.5 0.4042110252653172
2695.5 0.4255187151052463
2696.5 0.4022685469412887
2697.5 0.4091006715409937
2698.5 0.43098082002327803
2699.5 0.41403219036788574
2700.5 0.43475816250248733
2701.5 0.41356179579361324
2702.5 0.4156957595245636
2703.5 0.41646862727466777
2704.5 0.4189197489608677
2705.5 0.4190734780488981
2706.5 0.41588610396169035
2707.5 0.4053554264369141
2708.5 0.4239979366834578
2709.5 0.4244828320360877
2710.5 0.4408841115323166
2711.5 0.4477769762408103
2712.5 0.41913083389329686
2713.5 0.42655220758909823
2714.5 0.441262104858042
2715.5 0.4520053601619694
2716.5 0.41400822987999814
2717.5 0.43222147965031943
2718.5 0.4233244248553363
2719.5 0.4100121058120048
2720.5 0.4447888722776488
2721.5 0.438209049985984
2722.5 0.41934655980426144
2723.5 0.428668384254167
2724.5 0.45735593522277657
2725.5 0.4383031479371408
2726.5 0.4329759426326952
2727.5 0.45414371529918174
2728.5 0.41209290089758566
2729.5 0.43054245751761644
2730.5 0.44519443536976233
2731.5 0.45831561322404124
2732.5 0.43222694031336684
2733.5 0.45796424001431785
2734.5 0.46450762727934575
2735.5 0.4370142702052115
2736.5 0.43959985293087867
2737.5 0.44123092147326687
2738.5 0.43252067864279864
2739.5 0.456866192517547
2740.5 0.4509315197236392
2741.5 0.4271168646493907
2742.5 0.4346274217132312
2743.5 0.48446034653568276
2744.5 0.4401193624001824
2745.5 0.4771806371304781
2746.5 0.4562044927435155
2747.5 0.4658161862559677
2748.5 0.48005762605108404
2749.5 0.46291061147537904
2750.5 0.4667797874769851
2751.5 0.4456043092192969
2752.5 0.47779447661639785
2753.5 0.4386564069117839
2754.5 0.47399242331665864
2755.5 0.4747709038277773
2756.5 0.4681528018837798
2757.5 0.47579499860047364
2758.5 0.47174024885208177
2759.5 0.47151324662664185
2760.5 0.45235024087570774
2761.5 0.4519894353851171
2762.5 0.4690602435671505
2763.5 0.4629895606554426
2764.5 0.45751401794310415
2765.5 0.4839445059523397
2766.5 0.46655429902288637
2767.5 0.46656588167485114
2768.5 0.4612454089047639
2769.5 0.4708326335176206
2770.5 0.4799138992455606
2771.5 0.49025645634848786
2772.5 0.49086307575961424
2773.5 0.4548145604066214
2774.5 0.4559230786082669
2775.5 0.4785355477252483
2776.5 0.506941799186522
2777.5 0.4749039488044364
2778.5 0.49664872053406467
2779.5 0.49866266707922513
2780.5 0.5182579504203559
2781.5 0.5437855464721195
2782.5 0.5065621798838044
2783.5 0.5385258450899717
2784.5 0.5266027917662871
2785.5 0.5366373106305073
2786.5 0.5344572927618507
2787.5 0.5544271468788569
2788.5 0.5772796363384083
2789.5 0.5777041337857423
2790.5 0.5997545205565843
2791.5 0.6051876516212217
2792.5 0.6161822914480497
2793.5 0.6120520465337611
2794.5 0.6070369738102255
2795.5 0.6293984104934354
2796.5 0.645480257629401
2797.5 0.6536400749772208
2798.5 0.6767537594512482
2799.5 0.6442836266229174
2800.5 0.6449086610512473
2801.5 0.6749210683254425
2802.5 0.6405261104299489
2803.5 0.6542893575828459
2804.5 0.6510171648059946
2805.5 0.6074809332333421
2806.5 0.6518289233503739
2807.5 0.6187180933779309
2808.5 0.5900765162495538
2809.5 0.5805676738113086
2810.5 0.5664990385279203
2811.5 0.5476751095622536
2812.5 0.5308813207417741
2813.5 0.5435108604967305
2814.5 0.5225205673588342
2815.5 0.5109991548788011
2816.5 0.47498880395473914
2817.5 0.48657453821071994
2818.5 0.4806439591681651
2819.5 0.4705113200578813
2820.5 0.4469148893755598
2821.5 0.47485905217533914
2822.5 0.4511647254890716
2823.5 0.45607428267732
2824.5 0.44292143134760514
2825.5 0.4319106738121216
2826.5 0.43878174836837563
2827.5 0.43109428681900547
2828.5 0.467824695228601
2829.5 0.4385318280722553
2830.5 0.4207645408560933
2831.5 0.43972299927338937
2832.5 0.4417113546316424
2833.5 0.43291205220817175
2834.5 0.44151171316214105
2835.5 0.4428172161727378
2836.5 0.42156671504658777
2837.5 0.43502892904881846
2838.5 0.4279174988549742
2839.5 0.4427097315847617
2840.5 0.42624324680402026
2841.5 0.43191226279152495
2842.5 0.42955928834940504
2843.5 0.41313796094666433
2844.5 0.4438372909121246
2845.5 0.40960245714457594
2846.5 0.4368470649329789
2847.5 0.4234450753962116
2848.5 0.4386160828302112
2849.5 0.43259578925963355
2850.5 0.4221384365063857
2851.5 0.42482211196469544
2852.5 0.4049270914987057
2853.5 0.4283651467965428
2854.5 0.4150072112094788
2855.5 0.4318139525660319
2856.5 0.41060620856707164
2857.5 0.44718048943783395
2858.5 0.39827166960477745
2859.5 0.4175872834166333
2860.5 0.3891268687947388
2861.5 0.3989975682758569
2862.5 0.41387815849843046
2863.5 0.41551794895462624
2864.5 0.39832972605428885
2865.5 0.4110679275086838
2866.5 0.41683573024095366
2867.5 0.3939925301406139
2868.5 0.37943321766228955
2869.5 0.404542232770066
2870.5 0.426387021181114
2871.5 0.4242645964604127
2872.5 0.41651769938125915
2873.5 0.41585884130104406
2874.5 0.40908026091086486
2875.5 0.40890933761993975
2876.5 0.39231753577957973
2877.5 0.38929396771864255
2878.5 0.38984022487269737
2879.5 0.39300580178972494
2880.5 0.3956887302733643
2881.5 0.41986438995818637
2882.5 0.3615886618682549
2883.5 0.3992614390416881
2884.5 0.3857518632471803
2885.5 0.42748403225808673
2886.5 0.3877723872732756
2887.5 0.3823227018729734
2888.5 0.38908496282285343
2889.5 0.4094668831171826
2890.5 0.3890419469614847
2891.5 0.38561809284527143
2892.5 0.39055622119475386
2893.5 0.3883053274464932
2894.5 0.404902923648459
2895.5 0.37278501239882855
2896.5 0.3696569639874658
2897.5 0.42286455069146767
2898.5 0.4057040411077411
2899.5 0.40248866689111756
2900.5 0.37553631726371506
2901.5 0.37942789507442726
2902.5 0.385761399863513
2903.5 0.3884261816274444
2904.5 0.37933096528777654
2905.5 0.38491144565314295
2906.5 0.3901704894664245
2907.5 0.37414497572676975
2908.5 0.3771074275890011
2909.5 0.3553678166155356
2910.5 0.4011029642428696
2911.5 0.3758194054427665
2912.5 0.36773330373454677
2913.5 0.37997951562757015
2914.5 0.36605213531538305
2915.5 0.3661292684874709
2916.5 0.3629154047249798
2917.5 0.38558631397232845
2918.5 0.35197098215506717
2919.5 0.3959969305200005
2920.5 0.380370464898111
2921.5 0.36977666641184653
2922.5 0.38522849707823714
2923.5 0.3733126200868828
2924.5 0.3711095436770857
2925.5 0.3848836637789975
2926.5 0.3790457419228783
2927.5 0.37106179723544025
2928.5 0.411242084542022
2929.5 0.38011458002417486
2930.5 0.3830768946289746
2931.5 0.36927443236743046
2932.5 0.38887198323346006
2933.5 0.4444553609629565
2934.5 0.4322783668092494
2935.5 0.40036168171646613
2936.5 0.4085284273230989
2937.5 0.39427487229528185
2938.5 0.37568428387799596
2939.5 0.39885574138529867
2940.5 0.38696904403205235
2941.5 0.40730064076029804
2942.5 0.3886609903941866
2943.5 0.38315205410143316
2944.5 0.37560434934862763
2945.5 0.4040833125091788
2946.5 0.3711527317094148
2947.5 0.39442475984026193
2948.5 0.3814111566166633
2949.5 0.36325051460387897
2950.5 0.37474490343887845
2951.5 0.4119464055615856
2952.5 0.3931073512681584
2953.5 0.393235436554213
2954.5 0.38456659776072794
2955.5 0.39594011078139435
2956.5 0.40574721347869697
2957.5 0.39179781791965895
2958.5 0.42430169264651835
2959.5 0.38012531799569776
2960.5 0.39730360892294425
2961.5 0.4127158489532978
2962.5 0.41546047924875723
2963.5 0.3699347612345277
2964.5 0.39973918563125255
2965.5 0.38780827957216096
2966.5 0.3958761789159687
2967.5 0.3706857759979691
2968.5 0.41056361732106683
2969.5 0.40339189714605383
2970.5 0.3851191412719852
2971.5 0.3666271832357618
2972.5 0.39970199399173406
2973.5 0.3850761488655531
2974.5 0.3861393446778944
2975.5 0.3902080046461453
2976.5 0.36920898088238596
2977.5 0.39268876445103995
2978.5 0.3754135982094472
2979.5 0.3922449950383359
2980.5 0.37891413097313925
2981.5 0.36738087312068823
2982.5 0.3648142890651078
2983.5 0.3752562592713931
2984.5 0.3805392474663164
2985.5 0.38080581347479436
2986.5 0.3778656267093146
2987.5 0.39562394149615754
2988.5 0.37355464794089766
2989.5 0.38644727507229804
2990.5 0.3545431681232534
2991.5 0.34475145222261294
2992.5 0.40007526720423325
2993.5 0.3491844743526362
2994.5 0.37975763060862056
2995.5 0.3355610185421303
2996.5 0.36789407470812757
2997.5 0.3634577558175062
2998.5 0.3822741625269471
