wave flux
1117.4815269461078 0.0
1118.4815269461078 0.0
1119.4815269461078 0.0
1120.4815269461078 0.0
1121.4815269461078 0.0
1122.4815269461078 0.0
1123.4815269461078 0.0
1124.4815269461078 0.0
1125.4815269461078 0.0
1126.4815269461078 0.0
1127.4815269461078 0.0
1128.4815269461078 0.0
1129.4815269461078 0.0
1130.4815269461078 0.0
1131.4815269461078 0.0
1132.4815269461078 0.0
1133.4815269461078 0.0
1134.4815269461078 0.0
1135.4815269461078 0.0
1136.4815269461078 0.0
1137.4815269461078 0.0
1138.4815269461078 0.0
1139.4815269461078 0.0
1140.4815269461078 0.0
1141.4815269461078 0.0
1142.4815269461078 0.0
1143.4815269461078 0.0
1144.4815269461078 0.0
1145.4815269461078 0.0
1146.4815269461078 0.0
1147.4815269461078 0.0
1148.4815269461078 0.0
1149.4815269461078 0.0
1150.4815269461078 0.0
1151.4815269461078 0.0
1152.4815269461078 0.0
1153.4815269461078 0.0
1154.4815269461078 0.0
1155.4815269461078 0.0
1156.4815269461078 0.0
1157.4815269461078 0.0
1158.4815269461078 0.0
1159.4815269461078 0.0
1160.4815269461078 0.0
1161.4815269461078 0.0
1162.4815269461078 0.0
1163.4815269461078 0.0
1164.4815269461078 0.0
1165.4815269461078 0.0
1166.4815269461078 0.0
1167.4815269461078 0.0
1168.4815269461078 0.0
1169.4815269461078 0.0
1170.4815269461078 0.0
1171.4815269461078 0.0
1172.4815269461078 0.0
1173.4815269461078 0.0
1174.4815269461078 0.0
1175.4815269461078 0.0
1176.4815269461078 0.0
1177.4815269461078 0.0
1178.4815269461078 0.0
1179.4815269461078 0.0
1180.4815269461078 0.0
1181.4815269461078 0.0
1182.4815269461078 0.0
1183.4815269461078 0.0
1184.4815269461078 0.0
1185.4815269461078 0.0
1186.4815269461078 0.0
1187.4815269461078 0.0
1188.4815269461078 0.0
1189.4815269461078 0.0
1190.4815269461078 0.0
1191.4815269461078 0.0
1192.4815269461078 0.0
1193.4815269461078 0.0
1194.4815269461078 0.0
1195.4815269461078 0.0
1196.4815269461078 0.0
1197.4815269461078 0.0
1198.4815269461078 0.0
1199.4815269461078 0.0
1200.4815269461078 0.1424069106578827
1201.4815269461078 0.16640132665634155
1202.4815269461078 0.17020922899246216
1203.4815269461078 0.22146591544151306
1204.4815269461078 0.29284340143203735
1205.4815269461078 0.3171851336956024
1206.4815269461078 0.5777735710144043
1207.4815269461078 0.7084846496582031
1208.4815269461078 0.8544180393218994
1209.4815269461078 0.8544294238090515
1210.4815269461078 1.0667086839675903
1211.4815269461078 1.6814708709716797
1212.4815269461078 1.8654546737670898
1213.4815269461078 2.061753511428833
1214.4815269461078 2.227069854736328
1215.4815269461078 2.4131500720977783
1216.4815269461078 2.5841002464294434
1217.4815269461078 2.5841002464294434
1218.4815269461078 2.5841002464294434
1219.4815269461078 2.5325214862823486
1220.4815269461078 2.4767229557037354
1221.4815269461078 2.3652069568634033
1222.4815269461078 2.3129703998565674
1223.4815269461078 2.244441270828247
1224.4815269461078 2.1247751712799072
1225.4815269461078 2.1124179363250732
1226.4815269461078 2.0262858867645264
1227.4815269461078 2.011791944503784
1228.4815269461078 2.011791944503784
1229.4815269461078 2.011791944503784
1230.4815269461078 1.9985363483428955
1231.4815269461078 1.9985363483428955
1232.4815269461078 2.01811146736145
1233.4815269461078 2.031449317932129
1234.4815269461078 2.01811146736145
1235.4815269461078 2.01811146736145
1236.4815269461078 2.0039560794830322
1237.4815269461078 1.9739718437194824
1238.4815269461078 1.9733303785324097
1239.4815269461078 1.9570192098617554
1240.4815269461078 1.9249454736709595
1241.4815269461078 1.8195477724075317
1242.4815269461078 1.7709054946899414
1243.4815269461078 1.7699925899505615
1244.4815269461078 1.6524085998535156
1245.4815269461078 1.5550017356872559
1246.4815269461078 1.5036810636520386
1247.4815269461078 1.4963970184326172
1248.4815269461078 1.4402155876159668
1249.4815269461078 1.4371739625930786
1250.4815269461078 1.3733842372894287
1251.4815269461078 1.3653998374938965
1252.4815269461078 1.3201133012771606
1253.4815269461078 1.3201133012771606
1254.4815269461078 1.2760438919067383
1255.4815269461078 1.2690213918685913
1256.4815269461078 1.2760438919067383
1257.4815269461078 1.3214364051818848
1258.4815269461078 1.2690213918685913
1259.4815269461078 1.2795485258102417
1260.4815269461078 1.2795485258102417
1261.4815269461078 1.224422574043274
1262.4815269461078 1.224422574043274
1263.4815269461078 1.224422574043274
1264.4815269461078 1.2191722393035889
1265.4815269461078 1.1852272748947144
1266.4815269461078 1.1852272748947144
1267.4815269461078 1.092941164970398
1268.4815269461078 1.0874950885772705
1269.4815269461078 1.0874950885772705
1270.4815269461078 1.0915184020996094
1271.4815269461078 1.0915184020996094
1272.4815269461078 1.0874950885772705
1273.4815269461078 0.9982520341873169
1274.4815269461078 0.9982520341873169
1275.4815269461078 0.9982520341873169
1276.4815269461078 1.0212185382843018
1277.4815269461078 1.0212185382843018
1278.4815269461078 1.0212185382843018
1279.4815269461078 1.0136497020721436
1280.4815269461078 0.9985668659210205
1281.4815269461078 0.9668921232223511
1282.4815269461078 0.9668921232223511
1283.4815269461078 0.9985668659210205
1284.4815269461078 0.9985668659210205
1285.4815269461078 0.9816271066665649
1286.4815269461078 0.9816271066665649
1287.4815269461078 0.9816271066665649
1288.4815269461078 0.9537144899368286
1289.4815269461078 0.9816271066665649
1290.4815269461078 1.0351521968841553
1291.4815269461078 1.0388102531433105
1292.4815269461078 1.0351521968841553
1293.4815269461078 1.0388102531433105
1294.4815269461078 1.0606306791305542
1295.4815269461078 1.107295036315918
1296.4815269461078 1.1151766777038574
1297.4815269461078 1.1151766777038574
1298.4815269461078 1.107295036315918
1299.4815269461078 1.0561573505401611
1299.5 1.0445548582913788
1300.5 1.1417148792539644
1301.5 1.049129946610997
1302.5 1.1756032245554513
1303.5 1.143382862810194
1304.5 1.1411353237969901
1305.5 1.1591662471404112
1306.5 1.098198619053824
1307.5 1.163122629762585
1308.5 1.0805622537173738
1309.5 1.078654617787705
1310.5 1.014737386702514
1311.5 1.0333117739242343
1312.5 1.0650533195092375
1313.5 0.9935069109826868
1314.5 0.9949379821032241
1315.5 0.9586675448467618
1316.5 0.9865918630447454
1317.5 0.9750032533935704
1318.5 0.9756648271965549
1319.5 0.9227450379074227
1320.5 0.9362996235001754
1321.5 0.8875305959941965
1322.5 0.8979810877463207
1323.5 0.919636862445519
1324.5 0.9689559647797558
1325.5 0.95583596868095
1326.5 0.9392496256819566
1327.5 1.0321770630455143
1328.5 0.9107189216473319
1329.5 0.9462794177105851
1330.5 1.0014835462786276
1331.5 1.0223399558809085
1332.5 0.945688688070494
1333.5 1.0059839095689507
1334.5 1.0273171214997339
1335.5 0.9989035674476181
1336.5 0.9322707799255567
1337.5 0.9043384827385313
1338.5 0.9609130468892083
1339.5 0.9960172405613927
1340.5 0.9296203209099949
1341.5 0.9645973120569743
1342.5 0.9244510332959218
1343.5 0.9657019968404503
1344.5 0.9163925531181795
1345.5 0.9619146190774411
1346.5 0.9691129004205334
1347.5 0.9793437936062273
1348.5 0.846753337796858
1349.5 0.9397288056170432
1350.5 0.9216835820876287
1351.5 0.8517149203430767
1352.5 0.9191975213666378
1353.5 0.8771574706206585
1354.5 0.9127477229851448
1355.5 0.9251037476362307
1356.5 0.9505083550035761
1357.5 0.8750909067388813
1358.5 0.8958753947574136
1359.5 0.9410491910260094
1360.5 0.9063374177068896
1361.5 0.9530246279268736
1362.5 0.9066209795029208
1363.5 0.9569704669158972
1364.5 0.9082932396220116
1365.5 0.9010975565881002
1366.5 0.9561857863237463
1367.5 0.9426763560945879
1368.5 1.027666222593152
1369.5 1.008379059741946
1370.5 0.9965689382067202
1371.5 0.9125090790978843
1372.5 0.962572060447937
1373.5 0.9441738123741172
1374.5 0.9910213856362379
1375.5 0.9543658487319167
1376.5 0.9915056945335321
1377.5 1.0169639290519923
1378.5 0.9917432105375301
1379.5 1.0115666431559982
1380.5 0.9940996945399174
1381.5 1.037878093074635
1382.5 1.0225103431650568
1383.5 1.0401883961093814
1384.5 1.0666755333248539
1385.5 1.0574171587947359
1386.5 1.081356744986131
1387.5 1.0490373270494564
1388.5 1.0961514678136157
1389.5 1.116067742557744
1390.5 1.10444038792186
1391.5 1.0716256104183612
1392.5 1.132247403633579
1393.5 1.1604425043135986
1394.5 1.1282854353829828
1395.5 1.113276319409907
1396.5 1.0862198100253577
1397.5 1.0942916855238745
1398.5 1.1019183333028617
1399.5 1.1935902053987828
1400.5 1.1160573491322425
1401.5 1.158762553560919
1402.5 1.1201421962733449
1403.5 1.0699646459119427
1404.5 1.050748815878118
1405.5 1.0745720740505789
1406.5 0.9997928287229711
1407.5 0.9523654683412209
1408.5 0.9203149810643625
1409.5 0.9467393786242354
1410.5 0.9503591629407488
1411.5 0.9158499197510738
1412.5 0.9644546033737667
1413.5 0.9407939820566327
1414.5 0.8757887461921213
1415.5 0.8985488675596079
1416.5 0.9204211306605568
1417.5 0.9197424713969748
1418.5 0.8957168313487349
1419.5 0.8703832281738667
1420.5 0.8957168284814454
1421.5 0.8776592346583795
1422.5 0.8539047779656924
1423.5 0.8752586941424647
1424.5 0.86304308524454
1425.5 0.8805578619143437
1426.5 0.8561641958826812
1427.5 0.8270322618339049
1428.5 0.8617393690978322
1429.5 0.8563697191827647
1430.5 0.854973866286971
1431.5 0.8399390607835806
1432.5 0.8118858571317762
1433.5 0.8482832014418944
1434.5 0.834607920607322
1435.5 0.8219302216931353
1436.5 0.8317453222926716
1437.5 0.820393868369104
1438.5 0.8047340920648995
1439.5 0.806994137341689
1440.5 0.8319146644739701
1441.5 0.8046241195972701
1442.5 0.8172383470370344
1443.5 0.7838695683256471
1444.5 0.8226690116698617
1445.5 0.8178440461393436
1446.5 0.8403545424712046
1447.5 0.7766532107244121
1448.5 0.8196058315258957
1449.5 0.7809890856473278
1450.5 0.8356896971466978
1451.5 0.8318357719046013
1452.5 0.8413394936519923
1453.5 0.839360172853819
1454.5 0.8503508293889489
1455.5 0.8088351724073881
1456.5 0.8647691553291796
1457.5 0.8400507754596366
1458.5 0.8221394810507588
1459.5 0.8037443300128808
1460.5 0.8116639848015654
1461.5 0.8681874054754259
1462.5 0.8352210248888801
1463.5 0.81927550421664
1464.5 0.8162305501502312
1465.5 0.8198681134768767
1466.5 0.8312685390902332
1467.5 0.8315039014629237
1468.5 0.826512640298296
1469.5 0.7969205754355561
1470.5 0.8242378698988474
1471.5 0.8399822840281231
1472.5 0.8256902987632427
1473.5 0.8199645668310593
1474.5 0.7966887906114286
1475.5 0.8538788828138437
1476.5 0.8272145312021882
1477.5 0.8013687015194617
1478.5 0.8283739657716738
1479.5 0.8299977855745008
1480.5 0.8409607607365636
1481.5 0.8571501929001455
1482.5 0.8608558002216816
1483.5 0.8697220110718169
1484.5 0.8444254008996527
1485.5 0.8767736499516446
1486.5 0.8848945154732105
1487.5 0.8377057412342763
1488.5 0.8525514398378905
1489.5 0.8440071778829985
1490.5 0.8329700908769784
1491.5 0.8855433774533801
1492.5 0.8686277453418444
1493.5 0.8449902783012131
1494.5 0.8644435958568177
1495.5 0.8480754798530489
1496.5 0.8966865554417687
1497.5 0.924407208434322
1498.5 0.908394823434055
1499.5 0.9014024459711433
1500.5 0.8850922499476505
1501.5 0.9473641028233727
1502.5 0.9178677041513772
1503.5 0.9125052296347708
1504.5 0.9253908336742814
1505.5 0.89367991907884
1506.5 0.9780649246908312
1507.5 0.9343294053065385
1508.5 0.9602376402464726
1509.5 0.9215726060271866
1510.5 0.9613312102110357
1511.5 0.9532058743459979
1512.5 0.9529327602294861
1513.5 0.9456067531196999
1514.5 0.9476914816154076
1515.5 0.9905016295597485
1516.5 0.9921536183335056
1517.5 0.9836147294541945
1518.5 0.9846367050089866
1519.5 1.0070446187883835
1520.5 1.0214089302701992
1521.5 1.0214814759899662
1522.5 1.0429222136798058
1523.5 1.0334595095413048
1524.5 1.030796579894175
1525.5 1.056933901251449
1526.5 1.0995105031795325
1527.5 1.0874049416031522
1528.5 1.0903219464250238
1529.5 1.0835851241582155
1530.5 1.1158321867297778
1531.5 1.0992246466054951
1532.5 1.1105410863172633
1533.5 1.1478138672667837
1534.5 1.1670410297825748
1535.5 1.190178923061985
1536.5 1.2312013278185168
1537.5 1.204885105982399
1538.5 1.2705094478524388
1539.5 1.2493497465469499
1540.5 1.2580354326598582
1541.5 1.2505714860619488
1542.5 1.2460056521825669
1543.5 1.259073900938238
1544.5 1.2041819603732313
1545.5 1.224855276106153
1546.5 1.1582660051563414
1547.5 1.190791052862368
1548.5 1.2079402559108123
1549.5 1.2287091426493317
1550.5 1.1645800145748526
1551.5 1.1692651430119738
1552.5 1.1241918372622426
1553.5 1.031415212021316
1554.5 1.0148703049524408
1555.5 1.0250837000137578
1556.5 0.9571469028718885
1557.5 0.9834093485780252
1558.5 0.9283317874428214
1559.5 0.9204957951677176
1560.5 0.9190146800165364
1561.5 0.9045105463402395
1562.5 0.8728706414305077
1563.5 0.8673707707111071
1564.5 0.8779698095500169
1565.5 0.8571048146425618
1566.5 0.8717668008906876
1567.5 0.8473892783968198
1568.5 0.8628539570960772
1569.5 0.8554344250011375
1570.5 0.8393854301404767
1571.5 0.8727842112058953
1572.5 0.8477235004010165
1573.5 0.8250048546558548
1574.5 0.8319957272869553
1575.5 0.8238429899109906
1576.5 0.8587544900941741
1577.5 0.78965181025693
1578.5 0.83879467775961
1579.5 0.8278110159065357
1580.5 0.8427106802692738
1581.5 0.820768895416155
1582.5 0.8163800082138198
1583.5 0.8192644114993862
1584.5 0.8307603170055856
1585.5 0.801513591157736
1586.5 0.8252534601011549
1587.5 0.8262579486530176
1588.5 0.8002040518121807
1589.5 0.807234912585741
1590.5 0.7853770227566139
1591.5 0.7987209107658158
1592.5 0.8123901600932997
1593.5 0.8215420472607903
1594.5 0.7793363067232508
1595.5 0.794635716388239
1596.5 0.8162286719124748
1597.5 0.826305519086536
1598.5 0.8396410605865864
1599.5 0.7967548431140397
1600.5 0.8220082634470881
1601.5 0.827082911921367
1602.5 0.8159753555225558
1603.5 0.8217736312384444
1604.5 0.8091803284102173
1605.5 0.8261809349881665
1606.5 0.8215554099820681
1607.5 0.7945358064054245
1608.5 0.8467889363965936
1609.5 0.8276680206885205
1610.5 0.8248668822881359
1611.5 0.8185715461090138
1612.5 0.8207337835573876
1613.5 0.831607795840264
1614.5 0.802060459154981
1615.5 0.8144178899247058
1616.5 0.8042170927579171
1617.5 0.8149384166368265
1618.5 0.8056154099954923
1619.5 0.8060642662966823
1620.5 0.7930472653161106
1621.5 0.7887960951263036
1622.5 0.8147021939535108
1623.5 0.8156726106182737
1624.5 0.807033472095401
1625.5 0.8111000656665369
1626.5 0.821935076783205
1627.5 0.8079510743919107
1628.5 0.8018883384553058
1629.5 0.8136966137842888
1630.5 0.8267005597793758
1631.5 0.7999643064037577
1632.5 0.8181719148085868
1633.5 0.8087033056182599
1634.5 0.8453384663486844
1635.5 0.8271572440191943
1636.5 0.8137305689089321
1637.5 0.8318180446647631
1638.5 0.8117047332633229
1639.5 0.8281367830514266
1640.5 0.7943463486110504
1641.5 0.8088345152032861
1642.5 0.7809616801173412
1643.5 0.7901900958770621
1644.5 0.7899996022659064
1645.5 0.8222327779511639
1646.5 0.8081786944085355
1647.5 0.7777736728978233
1648.5 0.7517768848330829
1649.5 0.8080811650039941
1650.5 0.7879324068173228
1651.5 0.7840904488361394
1652.5 0.7831936188184543
1653.5 0.7759200190589337
1654.5 0.7633082903799449
1655.5 0.7904652242348702
1656.5 0.7986600029704122
1657.5 0.7914685471709932
1658.5 0.8058281361864155
1659.5 0.8349448393949128
1660.5 0.8013379374391673
1661.5 0.7806319642524218
1662.5 0.7809192544159103
1663.5 0.8029114630624578
1664.5 0.8050027089056702
1665.5 0.781610411173704
1666.5 0.7590483469346219
1667.5 0.7944517810856676
1668.5 0.7579689878939546
1669.5 0.760342003800666
1670.5 0.777576124464515
1671.5 0.7823613331136567
1672.5 0.7735763679107541
1673.5 0.7610808751077662
1674.5 0.7687118431597608
1675.5 0.7567117017600802
1676.5 0.7476349225163061
1677.5 0.7551519193886798
1678.5 0.7129778803801599
1679.5 0.7281369245019256
1680.5 0.7176947472913147
1681.5 0.7187827549002683
1682.5 0.7327141797732613
1683.5 0.7354204691750501
1684.5 0.7107505525396468
1685.5 0.7334265196905994
1686.5 0.7413747804015872
1687.5 0.7306906250257125
1688.5 0.7472835163167644
1689.5 0.7515709461578451
1690.5 0.734720532462663
1691.5 0.7231458361010866
1692.5 0.7048046558153177
1693.5 0.7265968091100508
1694.5 0.7661406598026538
1695.5 0.7184126756474617
1696.5 0.7354334271493033
1697.5 0.7198565608334924
1698.5 0.687679921890204
1699.5 0.733296743897082
1700.5 0.7423115657549394
1701.5 0.7508001321780152
1702.5 0.750490336088264
1703.5 0.7630949723384919
1704.5 0.7598131763769748
1705.5 0.7243014601132863
1706.5 0.7686352708529328
1707.5 0.7382088230093299
1708.5 0.7096314468270305
1709.5 0.751904241391924
1710.5 0.7559555142086911
1711.5 0.7707743804093908
1712.5 0.7355583896109943
1713.5 0.7454530184684327
1714.5 0.7362944414827016
1715.5 0.7519931864053838
1716.5 0.7153839510865713
1717.5 0.7391036421921592
1718.5 0.7529893830491521
1719.5 0.7462719089602132
1720.5 0.7191484901741446
1721.5 0.7350089913487443
1722.5 0.7251240645580784
1723.5 0.7381967719003399
1724.5 0.7490360115457323
1725.5 0.7393451786030429
1726.5 0.7634545581778744
1727.5 0.7231221587491089
1728.5 0.7249273056203147
1729.5 0.7247820507010478
1730.5 0.7151071558007055
1731.5 0.7248397292584035
1732.5 0.7254340582456587
1733.5 0.7172727986442637
1734.5 0.7015164553366791
1735.5 0.7412712523340189
1736.5 0.736047579278184
1737.5 0.7462163542879215
1738.5 0.7361022462994095
1739.5 0.7074265407958925
1740.5 0.6960558597830939
1741.5 0.7320288420507577
1742.5 0.7460861232803626
1743.5 0.7194751185833725
1744.5 0.7462210962170067
1745.5 0.7371473315472322
1746.5 0.7402380051703974
1747.5 0.7406560844211609
1748.5 0.7331691327789148
1749.5 0.7363370117952038
1750.5 0.7222504889528707
1751.5 0.7049821615834185
1752.5 0.721172034299957
1753.5 0.7130969947866371
1754.5 0.7171851830996444
1755.5 0.7068891872280753
1756.5 0.7108253825590393
1757.5 0.6932110259074926
1758.5 0.720694553166941
1759.5 0.7069956694306142
1760.5 0.7177403291546
1761.5 0.6801003116125504
1762.5 0.7043340813949117
1763.5 0.7072690098367945
1764.5 0.7295004564234912
1765.5 0.7211647199859079
1766.5 0.7177411550560296
1767.5 0.7164041761489729
1768.5 0.7542173818549884
1769.5 0.7469263857831907
1770.5 0.730550372146667
1771.5 0.7179189025744581
1772.5 0.7195905829613929
1773.5 0.7513016952165149
1774.5 0.7040222250552531
1775.5 0.7280494512635807
1776.5 0.6984763421386361
1777.5 0.693140393462467
1778.5 0.6973628452674789
1779.5 0.7315676676539727
1780.5 0.7004696156201113
1781.5 0.7434172380749638
1782.5 0.767822125136194
1783.5 0.7003172038862204
1784.5 0.7250978956142443
1785.5 0.6986112472106975
1786.5 0.6670157015873004
1787.5 0.7036124783571207
1788.5 0.7096000480536828
1789.5 0.7333903469424232
1790.5 0.7231047644590646
1791.5 0.6908842971137604
1792.5 0.6559781048785428
1793.5 0.7057937632585342
1794.5 0.7262798223982704
1795.5 0.7288903966183987
1796.5 0.7347568617261381
1797.5 0.6880805831987683
1798.5 0.7074832181728833
1799.5 0.718504985771266
1800.5 0.7790673359169635
1801.5 0.7110579933604501
1802.5 0.6987442001313051
1803.5 0.71383776434466
1804.5 0.6988808154313371
1805.5 0.698767255683204
1806.5 0.7012114746503728
1807.5 0.6906589242049316
1808.5 0.679232121244415
1809.5 0.7306437291857607
1810.5 0.728977175615437
1811.5 0.6983447050017243
1812.5 0.7133569650473237
1813.5 0.6920141232548862
1814.5 0.7328688742160027
1815.5 0.7498102393380058
1816.5 0.7278997756251846
1817.5 0.7201665716088846
1818.5 0.7288165783128061
1819.5 0.7361159267080039
1820.5 0.7318949821147331
1821.5 0.7394235051950372
1822.5 0.7414846731148195
1823.5 0.7048443420967019
1824.5 0.7208725638508519
1825.5 0.7437743351316786
1826.5 0.7230058455938354
1827.5 0.6976730512251814
1828.5 0.7212672176096231
1829.5 0.7048550532447699
1830.5 0.7184337700411465
1831.5 0.7118711550051334
1832.5 0.716556299879872
1833.5 0.7285341696617728
1834.5 0.6791417901247545
1835.5 0.7139369593340772
1836.5 0.7328036725100899
1837.5 0.7518916808121396
1838.5 0.7336074353883912
1839.5 0.7248194385034212
1840.5 0.6870305343695945
1841.5 0.7258897230954506
1842.5 0.7654875194167733
1843.5 0.7173414587736263
1844.5 0.7462189674960917
1845.5 0.7957127471518944
1846.5 0.7489829285034397
1847.5 0.7944634947364421
1848.5 0.762278962310017
1849.5 0.7634020189600677
1850.5 0.7894094413807996
1851.5 0.7654979586942183
1852.5 0.7947856527135715
1853.5 0.7312777547869393
1854.5 0.7406702909160876
1855.5 0.7704991623071789
1856.5 0.7709837736994409
1857.5 0.7451657528903902
1858.5 0.796210863953363
1859.5 0.7521945061987783
1860.5 0.7596153858679645
1861.5 0.7836859141622564
1862.5 0.8016823858639689
1863.5 0.802117003432584
1864.5 0.8090899192283659
1865.5 0.7779241682550126
1866.5 0.8127925892761819
1867.5 0.7533640115721641
1868.5 0.7635980145134241
1869.5 0.7665406196292408
1870.5 0.7343526423094813
1871.5 0.753860358708399
1872.5 0.7289768274438289
1873.5 0.7756109190222101
1874.5 0.7885184554403052
1875.5 0.7618155466068396
1876.5 0.7710028339579518
1877.5 0.7656191922599207
1878.5 0.8065286470751356
1879.5 0.8039998899506626
1880.5 0.7787038876932415
1881.5 0.8086504070543208
1882.5 0.8225224692514839
1883.5 0.8109777617599793
1884.5 0.8223632950074422
1885.5 0.8040710758547619
1886.5 0.8283462633327011
1887.5 0.8369640732952638
1888.5 0.8198328138144617
1889.5 0.8676595731431782
1890.5 0.8743067247996215
1891.5 0.9256647391109549
1892.5 0.8972810395101805
1893.5 0.8556963826598998
1894.5 0.8791830970008041
1895.5 0.874144193464544
1896.5 0.884726306149559
1897.5 0.8620950952615634
1898.5 0.851006264696509
1899.5 0.8782895144207973
1900.5 0.8384991416912587
1901.5 0.871811925406234
1902.5 0.8601225081426912
1903.5 0.8763578360492735
1904.5 0.906484506032405
1905.5 0.8770660933558387
1906.5 0.937947018742148
1907.5 0.8963025441316297
1908.5 0.842577426841774
1909.5 0.9143381630763096
1910.5 0.8690711776945382
1911.5 0.8653873209383858
1912.5 0.9372756297345427
1913.5 0.9120162315367819
1914.5 0.8559424659842877
1915.5 0.8410273831153581
1916.5 0.8399579480803422
1917.5 0.7958635119713505
1918.5 0.7805955278104638
1919.5 0.7694705435536072
1920.5 0.7593878926010639
1921.5 0.7573080217285943
1922.5 0.7436025201285106
1923.5 0.743759515626684
1924.5 0.7358539509734586
1925.5 0.7653564984215225
1926.5 0.7660905716312713
1927.5 0.7095793283243461
1928.5 0.7004044434132933
1929.5 0.693973371121397
1930.5 0.688933769911717
1931.5 0.7005941245795656
1932.5 0.6932947246887856
1933.5 0.6648336098554383
1934.5 0.6805076656135186
1935.5 0.687671106379362
1936.5 0.6881307016515714
1937.5 0.684478442314878
1938.5 0.6610470073933132
1939.5 0.6681045614159008
1940.5 0.6605570236308691
1941.5 0.6543552163110866
1942.5 0.639735715930528
1943.5 0.6766843236622565
1944.5 0.6531411162750328
1945.5 0.6514702797052805
1946.5 0.6371293006699688
1947.5 0.6363405504299429
1948.5 0.6512198376331955
1949.5 0.6701759356787994
1950.5 0.6394110967084472
1951.5 0.6384389076859547
1952.5 0.6259833207240888
1953.5 0.638205095235636
1954.5 0.6319917106010151
1955.5 0.6253117260705959
1956.5 0.6191186326011675
1957.5 0.6203385851535123
1958.5 0.6232091400904548
1959.5 0.6254157856900953
1960.5 0.6278007370984713
1961.5 0.5925989491498289
1962.5 0.58543628432012
1963.5 0.5957011347479839
1964.5 0.5876092803587267
1965.5 0.60346379107231
1966.5 0.5942904191838578
1967.5 0.6132490603955845
1968.5 0.576257145860491
1969.5 0.5864505115108261
1970.5 0.5954484216902038
1971.5 0.6087353778433381
1972.5 0.5781309724077723
1973.5 0.5842979710392576
1974.5 0.5843596548529023
1975.5 0.5985393808259746
1976.5 0.5768935977508086
1977.5 0.592061434188439
1978.5 0.5982917368302666
1979.5 0.6171999513318467
1980.5 0.5860649599660142
1981.5 0.6129370491223918
1982.5 0.6015953567669411
1983.5 0.6191380895467192
1984.5 0.652413923839257
1985.5 0.605621954188157
1986.5 0.6004361879487319
1987.5 0.6345761163151645
1988.5 0.6171463405715751
1989.5 0.6052625003745229
1990.5 0.5888988940946842
1991.5 0.5828740504731651
1992.5 0.6019042687347912
1993.5 0.6104997953981856
1994.5 0.5806319103846866
1995.5 0.592506504238922
1996.5 0.5680321103965692
1997.5 0.5935045672233867
1998.5 0.63059374972271
1999.5 0.6144754520701656
2000.5 0.6118387084785333
2001.5 0.5747094159919608
2002.5 0.5766395283709524
2003.5 0.6114006319621028
2004.5 0.6078876520718138
2005.5 0.5977433650006728
2006.5 0.586114922345405
2007.5 0.5911767370295447
2008.5 0.6013308033509793
2009.5 0.6093291128152014
2010.5 0.5736538121544266
2011.5 0.6221477472947107
2012.5 0.5954902928019801
2013.5 0.6038114473156517
2014.5 0.5816363471242533
2015.5 0.5816376974219624
2016.5 0.5566675653864603
2017.5 0.5651838751875222
2018.5 0.572928068003324
2019.5 0.5700095150495971
2020.5 0.5679683961970232
2021.5 0.6043250408659545
2022.5 0.5675530845999208
2023.5 0.5841793773412542
2024.5 0.5813231017736324
2025.5 0.5722061082679512
2026.5 0.5847015724995059
2027.5 0.5590595889332608
2028.5 0.5629968205413457
2029.5 0.5719885151968218
2030.5 0.5999293565424964
2031.5 0.5825016125063966
2032.5 0.5945057287006738
2033.5 0.5651087180499909
2034.5 0.5542104708562932
2035.5 0.5948577047601663
2036.5 0.5911109764063314
2037.5 0.5984060409632248
2038.5 0.5784884946789436
2039.5 0.5930134664659624
2040.5 0.5882988154262214
2041.5 0.5850367295364219
2042.5 0.5874511324848353
2043.5 0.5913014171765214
2044.5 0.5804101073038334
2045.5 0.5813646701053684
2046.5 0.5917788721542472
2047.5 0.570096368197499
2048.5 0.5823307216878857
2049.5 0.5962358270507452
2050.5 0.5871106158172121
2051.5 0.5816363350681323
2052.5 0.5838907983693009
2053.5 0.5845669825077077
2054.5 0.6077976932851611
2055.5 0.5965863034048802
2056.5 0.631811562488902
2057.5 0.5851249639759247
2058.5 0.6063452510893368
2059.5 0.6027835540676749
2060.5 0.6191512654251928
2061.5 0.6135418213564304
2062.5 0.6126513344482223
2063.5 0.6018713470296145
2064.5 0.6044025687770826
2065.5 0.6289637128772317
2066.5 0.6176897266469634
2067.5 0.612253771811426
2068.5 0.6319527840704334
2069.5 0.6373607395141755
2070.5 0.621695278502326
2071.5 0.5982496376333367
2072.5 0.6245442406834307
2073.5 0.6051873716117552
2074.5 0.5631310216610858
2075.5 0.5985874269090837
2076.5 0.5976825714437324
2077.5 0.6114111503955247
2078.5 0.5922410392679041
2079.5 0.5821406660319007
2080.5 0.5803055548429394
2081.5 0.6027541840689923
2082.5 0.6152115797393455
2083.5 0.6038174099106921
2084.5 0.5712673720493309
2085.5 0.5917108174541718
2086.5 0.5746332843670781
2087.5 0.5813932689092887
2088.5 0.5799308317846378
2089.5 0.5836038034534704
2090.5 0.5751852654995625
2091.5 0.5988013548104804
2092.5 0.5467186762611327
2093.5 0.5584892148816377
2094.5 0.5646056041854731
2095.5 0.560739403505335
2096.5 0.5676578370686709
2097.5 0.5553355722043041
2098.5 0.5733882682560218
2099.5 0.569173713535861
2100.5 0.5521122704440206
2101.5 0.5664140411852119
2102.5 0.5665731934189622
2103.5 0.5659628639562222
2104.5 0.5724945904316708
2105.5 0.5451859691786176
2106.5 0.5488511690550019
2107.5 0.6214542497274482
2108.5 0.5812446248846742
2109.5 0.569415562708226
2110.5 0.5339190637278641
2111.5 0.5309192375861926
2112.5 0.5479672183412119
2113.5 0.5366024009107646
2114.5 0.5376480663286726
2115.5 0.5469084978714195
2116.5 0.5891902424855369
2117.5 0.5730097278386848
2118.5 0.5330621313684246
2119.5 0.5476660574643116
2120.5 0.5606777248967771
2121.5 0.5059573819129718
2122.5 0.5495716723594395
2123.5 0.5396665253926015
2124.5 0.5525808731191496
2125.5 0.5086765721262827
2126.5 0.5197341806460943
2127.5 0.5292714933048777
2128.5 0.5493496297790421
2129.5 0.5449235921017104
2130.5 0.5435527817540007
2131.5 0.556254666781322
2132.5 0.5250721385820694
2133.5 0.5262328736612729
2134.5 0.5334498521187007
2135.5 0.5534802132624045
2136.5 0.5345663057644605
2137.5 0.5614636720724504
2138.5 0.5438258996861921
2139.5 0.5060801088756837
2140.5 0.5362970848195431
2141.5 0.5551417808370611
2142.5 0.5347533228037438
2143.5 0.5426462128128058
2144.5 0.5429386200894336
2145.5 0.5281917954363966
2146.5 0.5518810041328667
2147.5 0.5248821052521575
2148.5 0.5686959645210522
2149.5 0.5592389766847905
2150.5 0.5364122242083805
2151.5 0.5134406308929681
2152.5 0.5249740371351614
2153.5 0.5485144957370597
2154.5 0.5135600333030377
2155.5 0.5097359890513133
2156.5 0.5215604278321718
2157.5 0.5165229187847088
2158.5 0.545350111801592
2159.5 0.5105971228571337
2160.5 0.5070370923674768
2161.5 0.5026828398053047
2162.5 0.5007222843821597
2163.5 0.5142216316119314
2164.5 0.5407494295896204
2165.5 0.5067289641698779
2166.5 0.5025892999530677
2167.5 0.5271797367866986
2168.5 0.541066032043085
2169.5 0.5150882512435853
2170.5 0.5231676707284914
2171.5 0.5222844171045236
2172.5 0.5106150681630821
2173.5 0.5207466982490718
2174.5 0.527853637733114
2175.5 0.5516214548144834
2176.5 0.5236687190120184
2177.5 0.502911492370413
2178.5 0.5144878556892605
2179.5 0.522062648556529
2180.5 0.5438150049606476
2181.5 0.5004351502740401
2182.5 0.51715433171018
2183.5 0.5204502119758098
2184.5 0.5056492964596699
2185.5 0.49813493015771937
2186.5 0.4915191446844127
2187.5 0.5171319238045514
2188.5 0.49747736986721164
2189.5 0.523103469481173
2190.5 0.5079527226939646
2191.5 0.49478034522963443
2192.5 0.5081489677079778
2193.5 0.513817938143414
2194.5 0.47988991217078353
2195.5 0.4963016586555749
2196.5 0.4823922967897213
2197.5 0.49707537214754494
2198.5 0.5026352677944023
2199.5 0.4911078153976853
2200.5 0.5027031502091531
2201.5 0.48522697309561974
2202.5 0.49624315565726396
2203.5 0.5123850078349091
2204.5 0.5188741784291104
2205.5 0.488760508283474
2206.5 0.49167100998130664
2207.5 0.49536246874286827
2208.5 0.534692812735081
2209.5 0.5149049876806958
2210.5 0.5275369656472737
2211.5 0.517310284641951
2212.5 0.4921873882669629
2213.5 0.4910707145956581
2214.5 0.5080320415134189
2215.5 0.5194215467559246
2216.5 0.49935937747157555
2217.5 0.5175703040837814
2218.5 0.4987590300023529
2219.5 0.509323838994917
2220.5 0.5443733102201511
2221.5 0.46889609181875813
2222.5 0.5125585321262295
2223.5 0.5092118609095462
2224.5 0.5243485420661783
2225.5 0.5201949690480709
2226.5 0.507546138152683
2227.5 0.503867619192915
2228.5 0.48560500269338697
2229.5 0.5142866411720916
2230.5 0.49781787520884485
2231.5 0.4975060407490048
2232.5 0.48360323944449424
2233.5 0.4649670765112636
2234.5 0.4913477267750054
2235.5 0.5179671927542576
2236.5 0.5277543116883379
2237.5 0.5057353211890251
2238.5 0.5048912925093331
2239.5 0.47981917916753175
2240.5 0.46714088108897345
2241.5 0.4972582418077888
2242.5 0.4681499143306622
2243.5 0.47891276645947906
2244.5 0.4729721395151863
2245.5 0.5126433817289208
2246.5 0.4952708842274387
2247.5 0.48368535613894936
2248.5 0.5187752535552597
2249.5 0.48438690085892083
2250.5 0.4897241092568366
2251.5 0.5232019233504959
2252.5 0.4899151067653445
2253.5 0.5442334586673968
2254.5 0.504469301514441
2255.5 0.5023908765228965
2256.5 0.5091344721811386
2257.5 0.4850851521648131
2258.5 0.4859223222141216
2259.5 0.513117331997234
2260.5 0.5171759918063203
2261.5 0.4929953967415008
2262.5 0.501502699903676
2263.5 0.4986030184210726
2264.5 0.5253149161510933
2265.5 0.508916946989916
2266.5 0.4949285369144247
2267.5 0.48351706134151623
2268.5 0.5127549212113908
2269.5 0.5067961789770485
2270.5 0.5264183980525247
2271.5 0.5228733802480847
2272.5 0.5016346631113957
2273.5 0.5552202581521072
2274.5 0.5028971517474885
2275.5 0.5378396830868696
2276.5 0.48734027717440076
2277.5 0.5272832022388407
2278.5 0.51698734648347
2279.5 0.5218222211178907
2280.5 0.5071064282083846
2281.5 0.48954352878045054
2282.5 0.5049610638954553
2283.5 0.5291580739079806
2284.5 0.48347081736829356
2285.5 0.5075211608027931
2286.5 0.48799880680338836
2287.5 0.5080260174839071
2288.5 0.5131386513301391
2289.5 0.4985193204303444
2290.5 0.5456522209749253
2291.5 0.5087228621058892
2292.5 0.5344837845187612
2293.5 0.5362753522713015
2294.5 0.5229112870004997
2295.5 0.5422592939197083
2296.5 0.5360763732337819
2297.5 0.5000401956749747
2298.5 0.5212544912718708
2299.5 0.5207727207084973
2300.5 0.5153097053656416
2301.5 0.5111016427173164
2302.5 0.54167642001255
2303.5 0.516493647223616
2304.5 0.5409399477664272
2305.5 0.5178640635121058
2306.5 0.5196775086951743
2307.5 0.5003128807802824
2308.5 0.5459991685285226
2309.5 0.5414878131094891
2310.5 0.517210522787901
2311.5 0.5257269904643436
2312.5 0.5733565883398883
2313.5 0.5123478757275411
2314.5 0.5139356604662847
2315.5 0.5652388370693393
2316.5 0.5381985605500418
2317.5 0.5405823369019201
2318.5 0.5320128950135637
2319.5 0.5117258914492999
2320.5 0.48980714246767
2321.5 0.526386018658677
2322.5 0.5283375882578848
2323.5 0.5310084816652647
2324.5 0.5560524909240048
2325.5 0.5152205272434364
2326.5 0.5200184038277152
2327.5 0.5515263135840063
2328.5 0.5302860862382192
2329.5 0.5353986783578195
2330.5 0.5528951460037509
2331.5 0.568287146890335
2332.5 0.49714303332445053
2333.5 0.5065344185321552
2334.5 0.4983915024088798
2335.5 0.5055119701008322
2336.5 0.5222403106300958
2337.5 0.5412310673290488
2338.5 0.5161154802410888
2339.5 0.5122723217076142
2340.5 0.5065993184863317
2341.5 0.4964556782225838
2342.5 0.5035536248664685
2343.5 0.4755183921410637
2344.5 0.49142443156391197
2345.5 0.4883526843952535
2346.5 0.49526088381557437
2347.5 0.4866656620521775
2348.5 0.5017832187979252
2349.5 0.5102435935163852
2350.5 0.5070646163355165
2351.5 0.4899345924977642
2352.5 0.4783105028001081
2353.5 0.49976085206183535
2354.5 0.500947815034339
2355.5 0.492562678633749
2356.5 0.4926100404743575
2357.5 0.5244953384064813
2358.5 0.5062021814282138
2359.5 0.5041956986784203
2360.5 0.4593465095461598
2361.5 0.517814476750621
2362.5 0.47127341664667316
2363.5 0.49308500507857717
2364.5 0.4671038947489508
2365.5 0.48559312581266456
2366.5 0.4580712041862448
2367.5 0.4983435898269744
2368.5 0.4591505425694488
2369.5 0.4842811114114756
2370.5 0.5051330232455746
2371.5 0.4465052459761358
2372.5 0.5080873013521998
2373.5 0.5064780707999277
2374.5 0.4755308330467303
2375.5 0.5093382889795762
2376.5 0.4943600830269283
2377.5 0.5094487779505048
2378.5 0.46393095890598207
2379.5 0.49607047725968456
2380.5 0.4613751224692049
2381.5 0.4699636137903856
2382.5 0.4694369466860083
2383.5 0.4655012836050526
2384.5 0.5121527981947356
2385.5 0.46820435181518416
2386.5 0.4871942397989072
2387.5 0.49832294273507877
2388.5 0.4604478735231421
2389.5 0.45212165841137525
2390.5 0.44386537116826447
2391.5 0.5127162988458466
2392.5 0.4249301190202678
2393.5 0.5097981602817522
2394.5 0.5028532586060874
2395.5 0.524578930602202
2396.5 0.4309862111747015
2397.5 0.50077801150248
2398.5 0.45881523704235605
2399.5 0.5181386727532533
2400.5 0.5031516905494828
2401.5 0.5187920302705278
2402.5 0.4868793029132019
2403.5 0.5054446075798475
2404.5 0.4556894888917118
2405.5 0.5300722069043902
2406.5 0.5098075925378309
2407.5 0.48627699658379936
2408.5 0.6055937589071319
2409.5 0.5178489491219841
2410.5 0.5408494535361016
2411.5 0.4527787536654636
2412.5 0.4781636870680157
2413.5 0.510281828306475
2414.5 0.49913103044745233
2415.5 0.5669260930085684
2416.5 0.5292924678031956
2417.5 0.4720926631190657
2418.5 0.6227490158703952
2419.5 0.49283812721405235
2420.5 0.5705556488531651
2421.5 0.611840439170561
2422.5 0.5396338718469924
2423.5 0.5500856578199795
2424.5 0.5574559659448884
2425.5 0.5817254200422187
2426.5 0.5406188391173896
2427.5 0.5097718337642773
2428.5 0.4690880500821748
2429.5 0.5138699072343795
2430.5 0.5510692251194148
2431.5 0.5355098706576907
2432.5 0.5579300778772385
2433.5 0.4797921118717875
2434.5 0.5351392915474628
2435.5 0.5439491105392636
2436.5 0.5275009288104948
2437.5 0.5034060478951092
2438.5 0.5204076601482844
2439.5 0.4671035195873813
2440.5 0.45400122283271316
2441.5 0.4520864651536464
2442.5 0.4773552905108878
2443.5 0.48957743216860056
2444.5 0.5105770851711886
2445.5 0.47830469102397116
2446.5 0.5292507816746357
2447.5 0.47071297911228466
2448.5 0.5022362362610338
2449.5 0.5198134800123191
2450.5 0.4775467983966473
2451.5 0.5266317945796299
2452.5 0.4870974022165143
2453.5 0.5064896534254862
2454.5 0.5390061717762298
2455.5 0.4909080989905072
2456.5 0.4818695874009129
2457.5 0.521994274558184
2458.5 0.4649179954006547
2459.5 0.488652690648426
2460.5 0.4686534662872645
2461.5 0.5020467569859501
2462.5 0.48036522279967975
2463.5 0.5199120982671775
2464.5 0.4668084897176509
2465.5 0.46996657764973077
2466.5 0.44704069937362656
2467.5 0.5109673867049229
2468.5 0.44794431071135554
2469.5 0.5122432469281781
2470.5 0.44105788058184087
2471.5 0.5288653615236197
2472.5 0.5182345639876879
2473.5 0.5245768795893421
2474.5 0.49970932983841926
2475.5 0.4975396672386009
2476.5 0.5179723217572164
2477.5 0.5122789760960426
2478.5 0.4843423868446077
2479.5 0.5346467226506154
2480.5 0.4976141561026046
2481.5 0.47213541175567464
2482.5 0.4722999056859499
2483.5 0.4878852258990174
2484.5 0.4724005275764116
2485.5 0.4588056702542309
2486.5 0.5308251242579058
2487.5 0.4831886821766577
2488.5 0.45183812008829827
2489.5 0.5363756359868749
2490.5 0.5329662603650656
2491.5 0.48692029917420865
2492.5 0.49005708593219227
2493.5 0.5220010678179642
2494.5 0.5065305975070026
2495.5 0.5187682421051946
2496.5 0.516625472675255
2497.5 0.4744259566013971
2498.5 0.5206412306142256
2499.5 0.5246400756011437
2500.5 0.5341996503776985
2501.5 0.4937706398179292
2502.5 0.5013882141606961
2503.5 0.5094337697270672
2504.5 0.4499330796709291
2505.5 0.5387780163230188
2506.5 0.4872576788702969
2507.5 0.5631384129134975
2508.5 0.49202044010167656
2509.5 0.5000336956973016
2510.5 0.5074347852742515
2511.5 0.4976394214960638
2512.5 0.4658637390508364
2513.5 0.5253992126444433
2514.5 0.5782506776394595
2515.5 0.4883464519540932
2516.5 0.5007278702786457
2517.5 0.4903739745939614
2518.5 0.5131018321995627
2519.5 0.517536760163795
2520.5 0.48011076739000286
2521.5 0.5092021226419139
2522.5 0.448880334188029
2523.5 0.5223899152175616
2524.5 0.5045975542274189
2525.5 0.535877127496445
2526.5 0.5023820081092097
2527.5 0.49351247882320953
2528.5 0.5262062681905874
2529.5 0.48278003446091067
2530.5 0.5044386779411131
2531.5 0.47043702546495564
2532.5 0.49472825533020176
2533.5 0.47802137083938967
2534.5 0.4944442651784185
2535.5 0.5082960531101238
2536.5 0.48381829304738383
2537.5 0.49895280011888693
2538.5 0.4958781089485415
2539.5 0.48838324381981535
2540.5 0.482289820284812
2541.5 0.4879918057771107
2542.5 0.5193385994948326
2543.5 0.4738338505573219
2544.5 0.46598207986731854
2545.5 0.5013866649766398
2546.5 0.4946795927568381
2547.5 0.4935756828633455
2548.5 0.4816864977708337
2549.5 0.4904435173104151
2550.5 0.4850280860885494
2551.5 0.4697250777328579
2552.5 0.48500126070566807
2553.5 0.5046558470770035
2554.5 0.5100685941387024
2555.5 0.4983835995367614
2556.5 0.4875659461027214
2557.5 0.4857291582237162
2558.5 0.47307146243741355
2559.5 0.490036776492395
2560.5 0.5339762268587619
2561.5 0.4578461103049701
2562.5 0.5023036861328652
2563.5 0.466362746100319
2564.5 0.4764843464487518
2565.5 0.46356361595457724
2566.5 0.4633509498615247
2567.5 0.47292055596270954
2568.5 0.4552191973429307
2569.5 0.4949388700281865
2570.5 0.4651855528905604
2571.5 0.47630391391857835
2572.5 0.43893152454579515
2573.5 0.43366098634488526
2574.5 0.4505820471218635
2575.5 0.4697283575184796
2576.5 0.44395921347176787
2577.5 0.45806098089118014
2578.5 0.4503309179380652
2579.5 0.45624263195775355
2580.5 0.49344071324423777
2581.5 0.4333387142224342
2582.5 0.4585561375261765
2583.5 0.45568113992090603
2584.5 0.4623388869231664
2585.5 0.44108220326860115
2586.5 0.41671947369194556
2587.5 0.4185091064452094
2588.5 0.43085708840366593
2589.5 0.4081005148943341
2590.5 0.44266012520724846
2591.5 0.45169012493186206
2592.5 0.4217468129767383
2593.5 0.433097807487732
2594.5 0.4528582760488931
2595.5 0.4234234710069597
2596.5 0.4404137661025731
2597.5 0.42720131868263256
2598.5 0.4342588103798091
2599.5 0.4212620168871093
2600.5 0.44377217166902044
2601.5 0.4209418087133616
2602.5 0.43951022665314443
2603.5 0.44693616327975866
2604.5 0.43099543618947755
2605.5 0.4379431038895675
2606.5 0.4127262309304764
2607.5 0.45754230442908594
2608.5 0.44973870297688123
2609.5 0.4642466288357251
2610.5 0.4542071787339327
2611.5 0.4542337006718207
2612.5 0.4562466438271078
2613.5 0.45106163850857417
2614.5 0.41557625165222817
2615.5 0.4557200763152318
2616.5 0.43595978454695117
2617.5 0.4506947017685298
2618.5 0.439887478159952
2619.5 0.43770885841045637
2620.5 0.4435928063964119
2621.5 0.4258640039295495
2622.5 0.43817888143580336
2623.5 0.44451023975120446
2624.5 0.4249758356638887
2625.5 0.4259964714738434
2626.5 0.4173178419551907
2627.5 0.4408598972812626
2628.5 0.42664365085144457
2629.5 0.4376034500925523
2630.5 0.43929611421353004
2631.5 0.4251912074055424
2632.5 0.41258709103865837
2633.5 0.41207337665667765
2634.5 0.4391500176754633
2635.5 0.4355392571859797
2636.5 0.45442176857871186
2637.5 0.4301798007369172
2638.5 0.44081812293581873
2639.5 0.40808101734710744
2640.5 0.4198203585052103
2641.5 0.41585439947256464
2642.5 0.4521692243622787
2643.5 0.37948733739137536
2644.5 0.4452789677639299
2645.5 0.4575292345675038
2646.5 0.39587131091169714
2647.5 0.4199931515820481
2648.5 0.4047536604710738
2649.5 0.4321126138614729
2650.5 0.39600109217348606
2651.5 0.3736058611494483
2652.5 0.37503363759091296
2653.5 0.3847077167315713
2654.5 0.39269676720480623
2655.5 0.40802872618644914
2656.5 0.4033081002941004
2657.5 0.41038724290164325
2658.5 0.4256384201575625
2659.5 0.4161840795662872
2660.5 0.41863836522627584
2661.5 0.41503648513981267
2662.5 0.4032977972901207
2663.5 0.3934547612010956
2664.5 0.4302884037243495
2665.5 0.4049694769256887
2666.5 0.39756530728273637
2667.5 0.3989520638926535
2668.5 0.42930132062210147
2669.5 0.409315883440074
2670.5 0.40721438018149625
2671.5 0.39533188422822013
2672.5 0.4071798546083998
2673.5 0.3958129298718849
2674.5 0.4208044961691145
2675.5 0.42621799392258264
2676.5 0.4132797305944489
2677.5 0.4104481977125046
2678.5 0.41170485934945655
2679.5 0.42573332262567
2680.5 0.39098660047879125
2681.5 0.4219569899665488
2682.5 0.40741534670337887
2683.5 0.4035157954661337
2684.5 0.3993311283947755
2685.5 0.4058819780916987
2686.5 0.42600303520016203
2687.5 0.4127833846353044
2688.5 0.39333892177406854
2689.5 0.40318447465824403
2690.5 0.4234780347072678
2691.5 0.4071919863643147
2692.5 0.41334011480919103
2693.5 0.3844774285280567
2694.5 0.39525122311640126
2695.5 0.41608660351081006
2696.5 0.3933518020579444
2697.5 0.400032484760116
2698.5 0.4214276345928422
2699.5 0.4048546908018023
2700.5 0.42512124793269873
2701.5 0.40439472306414237
2702.5 0.40648138503530096
2703.5 0.40723712128305767
2704.5 0.40963391103870994
2705.5 0.40978423254474194
2706.5 0.4066675102691151
2707.5 0.396370257320163
2708.5 0.41459953489137696
2709.5 0.4150736819809687
2710.5 0.4311114082584826
2711.5 0.4378514846950908
2712.5 0.4098403170309001
2713.5 0.4170971874454169
2714.5 0.4314810229275153
2715.5 0.44198614162471533
2716.5 0.4048312614256793
2717.5 0.4226407935727028
2718.5 0.4139409522273497
2719.5 0.40092371604251587
2720.5 0.434929615492084
2721.5 0.4284956425271902
2722.5 0.41005126112900014
2723.5 0.41916645662146124
2724.5 0.4472181150370486
2725.5 0.4285876546890629
2726.5 0.42337853301557
2727.5 0.44407709766156667
2728.5 0.40295838791246447
2729.5 0.420998988896161
2730.5 0.4353261888119323
2731.5 0.4481565206719489
2732.5 0.42264613319387495
2733.5 0.4478129360534384
2734.5 0.45421128161595486
2735.5 0.4273273464140519
2736.5 0.42985561672562445
2737.5 0.43145053075831935
2738.5 0.4229333604754858
2739.5 0.4467392280420013
2740.5 0.4409361040944345
2741.5 0.41764932823270845
2742.5 0.4249934051633661
2743.5 0.4737217259077426
2744.5 0.4303636106701936
2745.5 0.4666033796319315
2746.5 0.4460921956043034
2747.5 0.4554908348782397
2748.5 0.46941659678506453
2749.5 0.4526496655035795
2750.5 0.4564330767702159
2751.5 0.4357269773363068
2752.5 0.46720361265983495
2753.5 0.42893308327234536
2754.5 0.4634858362431989
2755.5 0.46424706083866846
2756.5 0.457775656733951
2757.5 0.4652484553731932
2758.5 0.4612835838152468
2759.5 0.4610616133551478
2760.5 0.4423233776608795
2761.5 0.4419705698388527
2762.5 0.4586629839290062
2763.5 0.4527268646842889
2764.5 0.44737269367211197
2765.5 0.47321731952405816
2766.5 0.4562125865269756
2767.5 0.45622391243614147
2768.5 0.4510213740626417
2769.5 0.4603960868182772
2770.5 0.46927605584944687
2771.5 0.47938935828200663
2772.5 0.4799825312763763
2773.5 0.4447330727158423
2774.5 0.4458170193369409
2775.5 0.46792825707545205
2776.5 0.49570485131073017
2777.5 0.4643771567204409
2778.5 0.48563993058189386
2779.5 0.4876092356861849
2780.5 0.5067701670408175
2781.5 0.5317319145737014
2782.5 0.49533364670635494
2783.5 0.5265888005204505
2784.5 0.5149300353831683
2785.5 0.5247421275987736
2786.5 0.5226104323328254
2787.5 0.5421376316713934
2788.5 0.5644835694255989
2789.5 0.5648986573989128
2790.5 0.5864602719927858
2791.5 0.5917729714601991
2792.5 0.6025239024533002
2793.5 0.5984852091666157
2794.5 0.5935813012964778
2795.5 0.6154470710237565
2796.5 0.6311724455265653
2797.5 0.6391513911404689
2798.5 0.6617527342213247
2799.5 0.6300023392222625
2800.5 0.6306135190438051
2801.5 0.6599606668016055
2802.5 0.6263281126962155
2803.5 0.6397862816505758
2804.5 0.6365866207890883
2805.5 0.594015419848503
2806.5 0.6373803857719473
2807.5 0.605003495417665
2808.5 0.5769967917792791
2809.5 0.5676987237672286
2810.5 0.5539419359614337
2811.5 0.5355352610256069
2812.5 0.5191137258443331
2813.5 0.5314633173287989
2814.5 0.5109382981735702
2815.5 0.49967227104882117
2816.5 0.46446013095876815
2817.5 0.4757890540933418
2818.5 0.4699899331544221
2819.5 0.4600818956408289
2820.5 0.4370085069764618
2821.5 0.464333255276751
2822.5 0.4411641405859291
2823.5 0.4459648717939445
2824.5 0.4331035685374941
2825.5 0.4223368771032824
2826.5 0.42905564639143035
2827.5 0.42153858626657487
2828.5 0.457454822940051
2829.5 0.4288112658660394
2830.5 0.41143781100038107
2831.5 0.42997603338785606
2832.5 0.431920314563323
2833.5 0.42331605879576945
2834.5 0.43172509837654693
2835.5 0.43300166341180735
2836.5 0.4122222040775795
2837.5 0.4253860126271949
2838.5 0.41843221546053205
2839.5 0.4328965613433127
2840.5 0.4167950751313925
2841.5 0.42233843086113027
2842.5 0.4200376128030403
2843.5 0.4039802830039141
2844.5 0.43399912702168325
2845.5 0.4005231477088268
2846.5 0.42716384743893604
2847.5 0.41405892841025904
2848.5 0.42889365302040644
2849.5 0.4230068061791341
2850.5 0.41278125267383853
2851.5 0.41540544137984464
2852.5 0.3959514169183723
2853.5 0.41886994077075684
2854.5 0.4058080991853334
2855.5 0.4222422997948253
2856.5 0.40150464982689954
2857.5 0.4372682197079608
2858.5 0.3894435201033259
2859.5 0.40833098112537225
2860.5 0.3805014243182068
2861.5 0.39015332839570094
2862.5 0.40470407322584395
2863.5 0.4063075158410982
2864.5 0.3895002896648788
2865.5 0.4019561342372726
2866.5 0.4075960869899898
2867.5 0.3852592326856679
2868.5 0.3710226441091579
2869.5 0.395575089025975
2870.5 0.4169356625841019
2871.5 0.4148602838477623
2872.5 0.4072851056499818
2873.5 0.4066408519166894
2874.5 0.40001252655507274
2875.5 0.3998453919754237
2876.5 0.3836213665006046
2877.5 0.38066481930232693
2878.5 0.3811989680384593
2879.5 0.3842943763032461
2880.5 0.38691783459213436
2881.5 0.41055761298214666
2882.5 0.35357363341250136
2883.5 0.3904113501626009
2884.5 0.3772012296492922
2885.5 0.41800835714917745
2886.5 0.3791769664370902
2887.5 0.37384807957989674
2888.5 0.38046044724037303
2889.5 0.4003905788356378
2890.5 0.38041838487503254
2891.5 0.3770704244221549
2892.5 0.38189909347876344
2893.5 0.3796980933785779
2894.5 0.3959277847763153
2895.5 0.3645218039596666
2896.5 0.3614630923380652
2897.5 0.41349127170310035
2898.5 0.3967111445459636
2899.5 0.3935670427959848
2900.5 0.36721212298869027
2901.5 0.3710174395025757
2902.5 0.3772105548755583
2903.5 0.37981626868764656
2904.5 0.3709226582760989
2905.5 0.3763794408775639
2906.5 0.3815219119377184
2907.5 0.36585162213671746
2908.5 0.3687484078471069
2909.5 0.3474906803477223
2910.5 0.3922120558402576
2911.5 0.36748893619274986
2912.5 0.3595820722265341
2913.5 0.37155683275188844
2914.5 0.3579381688384389
2915.5 0.35801359226507734
2916.5 0.3548709674882783
2917.5 0.37703934996447086
2918.5 0.3441691406288518
2919.5 0.38721920322592596
2920.5 0.37193911618232256
2921.5 0.36158014142057204
2922.5 0.3766894644932657
2923.5 0.365037716616656
2924.5 0.3628834739286451
2925.5 0.37635227482060335
2926.5 0.37064375721504195
2927.5 0.36283678584177903
2928.5 0.4021264308797159
2929.5 0.37168890329084125
2930.5 0.3745855547862678
2931.5 0.36108903997123415
2932.5 0.3802521885884688
2933.5 0.4346034968391631
2934.5 0.42269641976234457
2935.5 0.3914872046934006
2936.5 0.3994729249932944
2937.5 0.3855353164018322
2938.5 0.36735680975282925
2939.5 0.3900146452612487
2940.5 0.3783914302225167
2941.5 0.3982723537314036
2942.5 0.3800458726480838
2943.5 0.3746590482625987
2944.5 0.36727864706421554
2945.5 0.39512634126035057
2946.5 0.3629257046485788
2947.5 0.3856818815170326
2948.5 0.3729567397723147
2949.5 0.3551986492713924
2950.5 0.36643825176127254
2951.5 0.4028151398140316
2952.5 0.38439367482072545
2953.5 0.38451892094913837
2954.5 0.3760422369352007
2955.5 0.38716364296215905
2956.5 0.3967533599516764
2957.5 0.3831131687846361
2958.5 0.4148965577542486
2959.5 0.37169940324287853
2960.5 0.38849691759961064
2961.5 0.4035675276082375
2962.5 0.4062513200173401
2963.5 0.3617347318897263
2964.5 0.39087850694968035
2965.5 0.37921206314190076
2966.5 0.38710112822004134
2967.5 0.36246909954739687
2968.5 0.40146300266483503
2969.5 0.39445025191375926
2970.5 0.3765825326841999
2971.5 0.35850047016045516
2972.5 0.3908421397056158
2973.5 0.37654049325389033
2974.5 0.3775801221085567
2975.5 0.3815585955503446
2976.5 0.3610250392936138
2977.5 0.3839843664617121
2978.5 0.36709212414336634
2979.5 0.38355043370829994
2980.5 0.3705150635733341
2981.5 0.35923745364246695
2982.5 0.35672776087361346
2983.5 0.3669382728037872
2984.5 0.3721041574908324
2985.5 0.372364814757227
2986.5 0.3694898006121186
2987.5 0.38685448193267036
2988.5 0.36527437964499576
2989.5 0.37788122687170084
2990.5 0.346684311137477
2991.5 0.33710963987858156
2992.5 0.39120713888815933
2993.5 0.3414443989758716
2994.5 0.37133986606951386
2995.5 0.3281229227280619
2996.5 0.3597392795266262
2997.5 0.3554012967452274
2998.5 0.3738006161642871
