wave flux npix
#quasar composite spectrum of z>6.5 quasars. Yang et al. 2021
#columns: 1) wavelength; 2) flux; 3) number of quasar spectra used for each pixel
1150.5 -0.019419525709370382 17
1151.5 0.09467935826270028 17
1152.5 0.02864034400700847 17
1153.5 0.015175577231177295 17
1154.5 0.041746159001195965 17
1155.5 0.03553559504704589 17
1156.5 0.028781126135171645 17
1157.5 0.05214972927583787 17
1158.5 -0.038649930276244575 17
1159.5 0.039565350653645505 17
1160.5 0.08655337394023167 17
1161.5 -0.0009810259299508992 17
1162.5 0.01593469656315848 17
1163.5 0.009754505064233797 17
1164.5 0.016447115912527906 17
1165.5 0.0480069189709473 17
1166.5 -0.025063244650068275 17
1167.5 0.025453473075507986 17
1168.5 0.054142070737573135 17
1169.5 0.15802226723465912 17
1170.5 0.16618656636203358 17
1171.5 0.08176134224088673 17
1172.5 0.09744084956829303 17
1173.5 0.0010662343413253492 17
1174.5 -0.007011180342627214 17
1175.5 0.0036175691267232727 17
1176.5 -0.013263038660692112 18
1177.5 0.016847864625394948 18
1178.5 0.0303994853156403 18
1179.5 0.04672189851574432 18
1180.5 0.0497700160583449 18
1181.5 0.10813957062989071 18
1182.5 0.04547587354616169 18
1183.5 0.07127559526748628 18
1184.5 0.0687118821790011 18
1185.5 0.06527190409583945 18
1186.5 0.04712139592568477 18
1187.5 -0.0035986652956840693 18
1188.5 0.013610701277407359 19
1189.5 0.06599887194562813 21
1190.5 0.03789727283820139 21
1191.5 0.016312034964802 21
1192.5 0.0505174027450375 21
1193.5 0.0004319196845562029 21
1194.5 0.05670616414814797 21
1195.5 -0.007986342210216015 21
1196.5 -0.03705395684628492 21
1197.5 -0.015214437150477027 21
1198.5 0.06467499455309132 21
1199.5 0.05634391111465553 21
1200.5 0.05582250745896081 21
1201.5 0.1269760398159109 21
1202.5 0.09695935240018863 21
1203.5 0.04263173401751008 20
1204.5 0.04931427477820028 21
1205.5 0.08379528845315001 21
1206.5 0.27191788802334105 21
1207.5 0.13116548462930125 21
1208.5 0.2682683524672354 19
1209.5 0.25718789720466584 20
1210.5 0.5336773150998854 18
1211.5 0.7705118606277893 21
1212.5 1.0748953309822633 21
1213.5 1.765107697746585 20
1214.5 2.036947608888693 20
1215.5 2.5152852133753165 20
1216.5 2.161360208701502 21
1217.5 3.1382693895125544 20
1218.5 2.988108558725054 20
1219.5 2.8726251780991907 21
1220.5 2.924558038904401 20
1221.5 2.7167349137474766 20
1222.5 2.6691403307067123 20
1223.5 2.657814359291296 20
1224.5 2.842113569347904 21
1225.5 2.517995992732698 21
1226.5 2.6124416837597573 21
1227.5 2.6635587833816956 20
1228.5 2.530284248122109 21
1229.5 2.5566832587614936 20
1230.5 2.627450475033877 21
1231.5 2.5647667387542357 21
1232.5 2.703725411536394 21
1233.5 2.4915190284194484 21
1234.5 2.368965870348706 21
1235.5 2.5807367905634466 21
1236.5 2.368917282527977 21
1237.5 2.497388288004016 21
1238.5 2.5616477696733124 21
1239.5 2.417118201405053 21
1240.5 2.2509964467259724 21
1241.5 2.1880033054465837 21
1242.5 2.1082401040724252 21
1243.5 1.8978991528076556 21
1244.5 1.9909349808661905 20
1245.5 2.061708902335482 21
1246.5 1.63309818943987 20
1247.5 1.6453152013297236 20
1248.5 1.6683639435920623 19
1249.5 1.6468149783927157 21
1250.5 1.6374711413104348 21
1251.5 1.6320162066360118 21
1252.5 1.5554506278046394 19
1253.5 1.5652918688530013 20
1254.5 1.518098630449336 20
1255.5 1.5025054539473632 20
1256.5 1.6206455572727319 20
1257.5 1.6384263762003268 20
1258.5 1.6302893424109925 21
1259.5 1.5495136003738907 21
1260.5 1.5254140811174326 21
1261.5 1.733716986343135 21
1262.5 1.5597752577057449 21
1263.5 1.3441912942174616 21
1264.5 1.407250106611501 19
1265.5 1.434322683195944 19
1266.5 1.5291255651842668 19
1267.5 1.555088616601528 19
1268.5 1.4063429385033233 19
1269.5 1.3128211751264809 19
1270.5 1.335643480706707 19
1271.5 1.4260380488648263 19
1272.5 1.2002172781594367 19
1273.5 1.157685740018918 19
1274.5 1.2368401757052498 19
1275.5 1.1500557956257609 19
1276.5 1.3296912567740138 18
1277.5 1.3515527431623648 18
1278.5 1.1663726591237111 20
1279.5 1.2888329699528358 21
1280.5 1.2302355958001951 21
1281.5 1.0521618517021905 21
1282.5 1.3098411030787827 21
1283.5 1.2556251065981414 21
1284.5 1.1553096574916324 21
1285.5 1.2138796080861949 20
1286.5 1.3323912144532193 21
1287.5 1.2305461584675945 22
1288.5 1.2994991059938 22
1289.5 1.192383531906558 22
1290.5 1.2463293226402636 22
1291.5 1.3150715229115182 22
1292.5 1.197051143636688 22
1293.5 1.3658887025425166 22
1294.5 1.27097656825342 22
1295.5 1.29186282907021 22
1296.5 1.225313780064998 22
1297.5 1.2944833240679814 22
1298.5 1.2450278486068793 22
1299.5 1.288838556116208 22
1300.5 1.4087208008213568 22
1301.5 1.2944835925421605 22
1302.5 1.450534407527451 22
1303.5 1.4107788655569449 22
1304.5 1.4080057082511324 22
1305.5 1.4302534140780812 22
1306.5 1.3550276572600244 22
1307.5 1.4351350518644839 22
1308.5 1.3332667823237385 22
1309.5 1.3309130191703018 22
1310.5 1.2520478536226212 22
1311.5 1.274966119922913 22
1312.5 1.3141308679071309 22
1313.5 1.2258523355459925 22
1314.5 1.2276180825740708 22
1315.5 1.1828652985414658 22
1316.5 1.2173201073637512 22
1317.5 1.203021339987717 22
1318.5 1.2038376320361763 23
1319.5 1.138541813175169 23
1320.5 1.1552663273406507 23
1321.5 1.0950919837003246 23
1322.5 1.1079864684596448 23
1323.5 1.134706747603765 23
1324.5 1.1955598087300903 23
1325.5 1.179371518862869 23
1326.5 1.158906228607996 23
1327.5 1.2735660411056728 23
1328.5 1.1237032221779526 23
1329.5 1.1675800353842098 23
1330.5 1.2356944180712723 23
1331.5 1.2614283894603304 23
1332.5 1.1668511553925593 23
1333.5 1.2412472539793704 23
1334.5 1.2675695345603695 23
1335.5 1.2325110752674222 23
1336.5 1.1502952825991393 23
1337.5 1.1158306287901267 23
1338.5 1.1856359425025467 23
1339.5 1.2289497406501029 23
1340.5 1.1470249768382244 23
1341.5 1.1901818243789088 23
1342.5 1.1406467793392734 23
1343.5 1.1915448550804535 23
1344.5 1.1307037113669876 23
1345.5 1.1868717462927276 24
1346.5 1.1957534459556105 24
1347.5 1.2083769759660856 24
1348.5 1.0447783958975716 23
1349.5 1.159497471442927 24
1350.5 1.1372321211323766 24
1351.5 1.050900313606499 24
1352.5 1.1341646604962734 25
1353.5 1.08229295852446 25
1354.5 1.1262064869573158 25
1355.5 1.1414521400163526 25
1356.5 1.1727979685462078 25
1357.5 1.079743099904427 25
1358.5 1.1053883298459524 24
1359.5 1.1611266473646134 26
1360.5 1.1182970425336836 26
1361.5 1.1759027069287966 26
1362.5 1.1186469192039854 26
1363.5 1.1807713353066291 26
1364.5 1.1207102606362058 26
1365.5 1.111831766933284 26
1366.5 1.1798031462322376 26
1367.5 1.1631343476408629 26
1368.5 1.268000277805311 26
1369.5 1.244202543370005 26
1370.5 1.2296304604715393 26
1371.5 1.1259120328741803 26
1372.5 1.1876829394818214 26
1373.5 1.1649820049217 27
1374.5 1.2227855354892223 28
1375.5 1.1775575908940412 28
1376.5 1.2233831067655878 28
1377.5 1.2547951039025416 27
1378.5 1.2236761691942553 28
1379.5 1.248135587548831 28
1380.5 1.226583749791904 28
1381.5 1.2806003363873262 27
1382.5 1.261638624183322 28
1383.5 1.283450935955035 28
1384.5 1.3161324590109729 29
1385.5 1.304708884684873 29
1386.5 1.334247076438063 29
1387.5 1.294369312606534 30
1388.5 1.35250175119809 29
1389.5 1.3770757241021303 30
1390.5 1.3627291506872337 30
1391.5 1.322240180556872 30
1392.5 1.3970392242035405 29
1393.5 1.4318281417616177 31
1394.5 1.3921506945117355 31
1395.5 1.3736314877838454 32
1396.5 1.3402474369492463 32
1397.5 1.3502070329245837 32
1398.5 1.359617278478901 32
1399.5 1.472727894288816 32
1400.5 1.3770629000293586 32
1401.5 1.4297553111340604 32
1402.5 1.3821030455511605 32
1403.5 1.3201907763736256 32
1404.5 1.2964810569282723 32
1405.5 1.325875715735568 32
1406.5 1.233608302673947 32
1407.5 1.1750893936960074 32
1408.5 1.1355434537036395 32
1409.5 1.1681475645619388 31
1410.5 1.172613885842162 32
1411.5 1.1300341756314447 32
1412.5 1.1900057412830805 32
1413.5 1.1608117542242593 32
1414.5 1.0806041388304113 32
1415.5 1.108687031487944 31
1416.5 1.1356744278609137 32
1417.5 1.134837054679001 32
1418.5 1.1051926841763429 32
1419.5 1.0739344651580267 32
1420.5 1.1051926806384977 32
1421.5 1.0829120670688837 32
1422.5 1.0536022999253876 32
1423.5 1.0799501267285831 31
1424.5 1.0648777276017105 31
1425.5 1.0864885786686735 31
1426.5 1.0563901141820349 31
1427.5 1.0204452717276007 31
1428.5 1.0632691192813617 31
1429.5 1.0566437019675161 31
1430.5 1.0549214094364106 31
1431.5 1.0363705053238452 31
1432.5 1.0017566693897828 31
1433.5 1.0466660394575744 31
1434.5 1.0297926037874325 31
1435.5 1.014150048459928 31
1436.5 1.0262605469985437 29
1437.5 1.012254397519136 30
1438.5 0.9929323644819935 31
1439.5 0.9957209528152663 31
1440.5 1.0264694922068323 30
1441.5 0.9927966734215701 31
1442.5 1.0083609135865919 31
1443.5 0.9671883813520532 31
1444.5 1.0150616147595044 31
1445.5 1.0091082638576327 31
1446.5 1.03688315318922 31
1447.5 0.95828437804637 31
1448.5 1.0112820672876457 31
1449.5 0.9636342576920329 31
1450.5 1.0311273688330234 31
1451.5 1.0263721495116291 31
1452.5 1.0380984489179363 31
1453.5 1.0356562363913666 31
1454.5 1.0492172109893658 31
1455.5 0.9979925395653545 31
1456.5 1.0670074632091646 31
1457.5 1.0365083460323938 31
1458.5 1.0144082460320254 29
1459.5 0.9917111327928231 31
1460.5 1.0014829091258377 31
1461.5 1.0712251187472743 31
1462.5 1.030549091041998 31
1463.5 1.0108744883376963 31
1464.5 1.0071174293654084 31
1465.5 1.0116056875248352 31
1466.5 1.0256722614055627 31
1467.5 1.0259626665462547 31
1468.5 1.0198041294607632 31
1469.5 0.9832915481947326 31
1470.5 1.0169973723298673 31
1471.5 1.0364238369259573 31
1472.5 1.018789471907587 31
1473.5 1.0117246978388943 31
1474.5 0.9830055572621486 31
1475.5 1.0535703488317192 31
1476.5 1.0206701673255465 31
1477.5 0.98877993049835 30
1478.5 1.022100751812886 30
1479.5 1.0241043244864092 29
1480.5 1.0376311440368184 29
1481.5 1.0576067003308967 30
1482.5 1.0621789155208528 28
1483.5 1.0731186132299821 28
1484.5 1.041906038543137 29
1485.5 1.0818193760477401 29
1486.5 1.0918394190451461 29
1487.5 1.033614892901555 29
1488.5 1.0519324648327375 29
1489.5 1.0413900082507683 29
1490.5 1.027771744769771 29
1491.5 1.092640026434028 29
1492.5 1.071768438222676 29
1493.5 1.042603020390314 29
1494.5 1.0666057671211533 29
1495.5 1.0464097392828955 28
1496.5 1.1063891917508144 30
1497.5 1.140592705423578 30
1498.5 1.120835601237132 30
1499.5 1.1122079589437823 30
1500.5 1.0920833964796568 31
1501.5 1.1689183892136032 31
1502.5 1.1325238470090635 32
1503.5 1.1259072831605184 31
1504.5 1.1418063651217412 31
1505.5 1.102679411610495 32
1506.5 1.2067990257480596 31
1507.5 1.1528353461894314 31
1508.5 1.1848025826121542 32
1509.5 1.1370951917749872 32
1510.5 1.1861518991396223 32
1511.5 1.176126340346679 31
1512.5 1.1757893546912241 31
1513.5 1.166750058812673 32
1514.5 1.1693223300945252 32
1515.5 1.222144227217246 33
1516.5 1.2241825565677715 33
1517.5 1.2136467296299218 33
1518.5 1.2149077083980249 32
1519.5 1.2425560248189114 33
1520.5 1.2602796305471062 33
1521.5 1.2603691420935557 35
1522.5 1.2868240948295382 35
1523.5 1.2751484055710824 35
1524.5 1.2718627127477684 35
1525.5 1.304112610636288 35
1526.5 1.3566463437549927 34
1527.5 1.3417097280480887 34
1528.5 1.3453089150634598 34
1529.5 1.3369965931071317 33
1530.5 1.3767850802639525 34
1531.5 1.356293635640896 35
1532.5 1.3702565823475428 31
1533.5 1.4162461221022995 32
1534.5 1.4399698242883183 34
1535.5 1.4685188360794132 36
1536.5 1.5191349013776079 36
1537.5 1.4866642646422854 36
1538.5 1.5676357726013865 36
1539.5 1.5415275805213406 36
1540.5 1.5522445352698453 34
1541.5 1.543035040833226 34
1542.5 1.5374014231272162 35
1543.5 1.5535258638145888 35
1544.5 1.4857966786419277 35
1545.5 1.5113047371109074 34
1546.5 1.4291426379712124 36
1547.5 1.4692741209568123 37
1548.5 1.490433903920873 37
1549.5 1.5160598840058246 35
1550.5 1.4369332664074914 36
1551.5 1.4427140773646063 36
1552.5 1.3870997514718602 35
1553.5 1.2726260206115754 35
1554.5 1.2522118566560256 36
1555.5 1.2648137963620973 36
1556.5 1.1809890332675947 35
1557.5 1.2133933175761702 36
1558.5 1.1454351018784203 36
1559.5 1.1357665537026906 36
1560.5 1.1339390591505973 37
1561.5 1.1160429318608802 36
1562.5 1.0770035946390744 36
1563.5 1.0702175025726288 37
1564.5 1.083295274223325 37
1565.5 1.0575507097359376 37
1566.5 1.0756416056193194 37
1567.5 1.0455630600615688 37
1568.5 1.0646443692023397 34
1569.5 1.05548967621863 36
1570.5 1.0356874004461876 36
1571.5 1.0768969515029958 36
1572.5 1.0459754445351002 35
1573.5 1.017943727151673 35
1574.5 1.0265695126873393 35
1575.5 1.0165101441586049 36
1576.5 1.0595861847617243 37
1577.5 0.9743228810699709 37
1578.5 1.0349584923955144 36
1579.5 1.0214061482833623 37
1580.5 1.0397903066178504 37
1581.5 1.0127171298629563 36
1582.5 1.0073018402781972 36
1583.5 1.0108608014340594 37
1584.5 1.025045184510018 37
1585.5 0.9889587045959546 37
1586.5 1.0182504724418986 34
1587.5 1.019489874627951 34
1588.5 0.9873429112406266 35
1589.5 0.9960180367026554 34
1590.5 0.9690483749912542 34
1591.5 0.9855129170095525 34
1592.5 1.0023789106206917 33
1593.5 1.0136710940317009 33
1594.5 0.9615949534035333 33
1595.5 0.9804723430451917 32
1596.5 1.0071151118756005 34
1597.5 1.019548570069711 34
1598.5 1.0360028136314772 34
1599.5 0.9830870570621997 34
1600.5 1.0142463413646836 35
1601.5 1.0205077670432594 35
1602.5 1.0068025539207623 35
1603.5 1.0139568371470675 34
1604.5 0.9984184151053418 34
1605.5 1.0193948502452486 34
1606.5 1.01368758181141 34
1607.5 0.9803490677217656 34
1608.5 1.0448223197255246 33
1609.5 1.021229711642572 34
1610.5 1.017773488024658 34
1611.5 1.0100058998248027 34
1612.5 1.012673806607124 33
1613.5 1.0260908580703445 34
1614.5 0.9896334652888573 34
1615.5 1.0048808533069553 34
1616.5 0.9922944576884583 34
1617.5 1.0055231124384354 34
1618.5 0.9940197908819841 34
1619.5 0.9945736184790103 34
1620.5 0.9785124105725094 34
1621.5 0.973267045041208 34
1622.5 1.0052316457914998 34
1623.5 1.0064290079052425 34
1624.5 0.9957694865488246 34
1625.5 1.0007871096491636 34
1626.5 1.014156038980412 34
1627.5 0.9969016829189195 34
1628.5 0.9894210917669821 34
1629.5 1.003990896698169 34
1630.5 1.0200359965290542 34
1631.5 0.9870470980302674 34
1632.5 1.009512809180369 34
1633.5 0.9978298338914968 33
1634.5 1.0430326370608007 33
1635.5 1.0205994827371518 33
1636.5 1.004032792701496 33
1637.5 1.0263502765099233 33
1638.5 1.0015331871827522 32
1639.5 1.0218081006110151 32
1640.5 0.9801153025841973 34
1641.5 0.9979917286649223 35
1642.5 0.9636004429972687 34
1643.5 0.9749870522773731 35
1644.5 0.9747520090828462 34
1645.5 1.0145233617116411 35
1646.5 0.9971825350457765 35
1647.5 0.9596668759001681 35
1648.5 0.9275903769714037 35
1649.5 0.9970621970319994 35
1650.5 0.9722013711953154 36
1651.5 0.9674609178454289 35
1652.5 0.9663543516407914 35
1653.5 0.9573797193010769 35
1654.5 0.9418185622668304 36
1655.5 0.9753265232324975 36
1656.5 0.9854377650781234 36
1657.5 0.9765644872073396 36
1658.5 0.9942822660546199 36
1659.5 1.0302083157247042 36
1660.5 0.9887419718095246 36
1661.5 0.9631936184864273 37
1662.5 0.9635480954548293 37
1663.5 0.9906834883093386 37
1664.5 0.9932638011111561 36
1665.5 0.9644008888439884 37
1666.5 0.9365623717320533 37
1667.5 0.9802453919110284 37
1668.5 0.9352305895509047 37
1669.5 0.9381585682688911 36
1670.5 0.959423128015098 37
1671.5 0.9653274243353152 37
1672.5 0.954487972699275 37
1673.5 0.9390702349190817 37
1674.5 0.9484858111024038 35
1675.5 0.9336792695483743 37
1676.5 0.9224797590948333 37
1677.5 0.9317547103512637 37
1678.5 0.8797176850960837 37
1679.5 0.89842188275781 37
1680.5 0.8855376570113063 37
1681.5 0.8868801103488562 37
1682.5 0.9040695929073117 34
1683.5 0.907408785767646 37
1684.5 0.876969465627113 37
1685.5 0.9049485234328255 37
1686.5 0.9147555955813781 37
1687.5 0.9015728017063988 36
1688.5 0.9220461716626054 36
1689.5 0.9273362766695046 36
1690.5 0.9065451591092614 35
1691.5 0.8922635588393248 35
1692.5 0.8696330381640924 35
1693.5 0.896521589937227 34
1694.5 0.9453133207164949 34
1695.5 0.886423482909857 34
1696.5 0.9074247741446032 35
1697.5 0.8882050407510653 35
1698.5 0.8485034467685575 35
1699.5 0.9047883977630169 34
1700.5 0.91591146123326 34
1701.5 0.9263851971078019 34
1702.5 0.9260029508889115 35
1703.5 0.9415553568311777 35
1704.5 0.9375060671888621 35
1705.5 0.8936894416174999 35
1706.5 0.9483913312954437 35
1707.5 0.9108492349706613 35
1708.5 0.8755886414613541 34
1709.5 0.927747517634822 34
1710.5 0.9327462370090593 34
1711.5 0.9510307014062958 34
1712.5 0.9075789608179178 33
1713.5 0.9197875864048847 34
1714.5 0.9084871486684913 33
1715.5 0.9278572636781355 34
1716.5 0.8826864489389299 34
1717.5 0.9119533200787133 34
1718.5 0.9290864347779302 34
1719.5 0.9207979858402671 33
1720.5 0.8873313779089674 33
1721.5 0.9069010781223079 32
1722.5 0.8947044235655182 32
1723.5 0.9108343655420363 32
1724.5 0.9242085123023284 31
1725.5 0.9122513431423962 30
1726.5 0.941999036825915 27
1727.5 0.8922343442089075 27
1728.5 0.8944616498105187 27
1729.5 0.8942824250058753 27
1730.5 0.8823449212214114 26
1731.5 0.8943535924969754 27
1732.5 0.8950869135932412 27
1733.5 0.8850170297979975 27
1734.5 0.865575846219151 26
1735.5 0.9146278560337009 26
1736.5 0.9081825543001777 27
1737.5 0.9207294389343259 26
1738.5 0.9082500059654917 26
1739.5 0.8728680874540784 24
1740.5 0.8588382143629082 25
1741.5 0.9032239794158688 25
1742.5 0.9205687515923338 24
1743.5 0.8877343929196146 25
1744.5 0.9207352898295533 25
1745.5 0.9095394989501161 24
1746.5 0.9133529696340996 25
1747.5 0.9138688225389223 25
1748.5 0.9046309430080296 24
1749.5 0.9085396746413144 24
1750.5 0.8911588222938294 23
1751.5 0.8698520561276253 23
1752.5 0.889828156004103 23
1753.5 0.8798646560650456 23
1754.5 0.8849089241383243 23
1755.5 0.8722050662724027 23
1756.5 0.8770617956884617 23
1757.5 0.8553280764744895 23
1758.5 0.8892390092597611 22
1759.5 0.8723364508206464 22
1760.5 0.8855938988279952 20
1761.5 0.8391512390902034 20
1762.5 0.8690524133632722 19
1763.5 0.8726737156867597 19
1764.5 0.9001042956048322 17
1765.5 0.8898191311358704 17
1766.5 0.8855949178779741 16
1767.5 0.8839452678376234 14
1768.5 0.9306016182029688 15
1769.5 0.9216055211811276 15
1770.5 0.90139974873873 14
1771.5 0.8858142341285147 14
1772.5 0.8878768602501423 14
1773.5 0.9270040576465377 14
1774.5 0.8686676250763472 12
1775.5 0.8983139526847149 13
1776.5 0.8618247602196998 14
1777.5 0.8552409256487198 13
1778.5 0.8604508566010717 13
1779.5 0.9026549529650778 12
1780.5 0.8642841884588366 10
1781.5 0.9172757104205251 10
1782.5 0.9473880201307356 9
1783.5 0.8640961331188188 9
1784.5 0.8946721346497963 9
1785.5 0.8619912147212592 7
1786.5 0.823006610822549 7
1787.5 0.8681620534076095 7
1788.5 0.8755498996476674 8
1789.5 0.9049038911838249 9
1790.5 0.8922128820219409 9
1791.5 0.8524572097553464 9
1792.5 0.8093877184377318 9
1793.5 0.8708534621550778 9
1794.5 0.8961304714692249 8
1795.5 0.8993515648199446 8
1796.5 0.9065899844768428 8
1797.5 0.8489978083028731 8
1798.5 0.8729380196248451 8
1799.5 0.886537381041424 8
1800.5 0.9612630800290894 7
1801.5 0.8773488057646175 8
1802.5 0.862155260533566 8
1803.5 0.8807786648985678 8
1804.5 0.86232382522372 8
1805.5 0.862183707947298 8
1806.5 0.8651995415528502 8
1807.5 0.8521791302537319 9
1808.5 0.8380800103159369 8
1809.5 0.9015149386213042 10
1810.5 0.8994586382937371 10
1811.5 0.8616623379054269 10
1812.5 0.8801854239909777 10
1813.5 0.8538512614710915 10
1814.5 0.9042604647994288 10
1815.5 0.9251638040440482 10
1816.5 0.8981292733142204 9
1817.5 0.8885875518628231 9
1818.5 0.899260483075755 10
1819.5 0.9082668857281195 10
1820.5 0.9030588144699607 9
1821.5 0.9123479874985352 10
1822.5 0.9148911882357282 9
1823.5 0.8696820056349639 10
1824.5 0.8894586502206965 11
1825.5 0.9177163195961145 11
1826.5 0.8920908296027477 12
1827.5 0.8608336085412407 15
1828.5 0.8899455992560515 15
1829.5 0.8696952217341478 16
1830.5 0.8864495105212198 16
1831.5 0.8783521365822418 16
1832.5 0.8841329678211396 16
1833.5 0.8989120292294649 17
1834.5 0.8379685540061879 17
1835.5 0.8809010580174352 17
1836.5 0.9041800147667304 17
1837.5 0.9277320195885634 17
1838.5 0.905171748785587 16
1839.5 0.8943285564664155 16
1840.5 0.8477021909342863 17
1841.5 0.8956491420127609 19
1842.5 0.9445074343571549 19
1843.5 0.8851017470546241 19
1844.5 0.9207326632776125 18
1845.5 0.9818012524493306 18
1846.5 0.9241430150514761 19
1847.5 0.9802598449621356 19
1848.5 0.9405485114955519 19
1849.5 0.9419342105804765 19
1850.5 0.9740238308574523 19
1851.5 0.9445203150049851 19
1852.5 0.9806573440678924 19
1853.5 0.9022972399373886 19
1854.5 0.9138863514204965 19
1855.5 0.9506911197187891 19
1856.5 0.9512890642327826 19
1857.5 0.9194331397715773 20
1858.5 0.9824158608005207 20
1859.5 0.9281056649083594 20
1860.5 0.9372620206153166 18
1861.5 0.9669617771053828 20
1862.5 0.9891669742945103 20
1863.5 0.989703233233091 21
1864.5 0.9983068624774716 22
1865.5 0.9598525666921093 21
1866.5 1.00287545347135 21
1867.5 0.9295486753973157 21
1868.5 0.942176042422996 23
1869.5 0.9458068167175053 26
1870.5 0.9060912327213149 27
1871.5 0.9301611002224166 26
1872.5 0.8994582086973504 27
1873.5 0.9569983319169065 25
1874.5 0.9729244754488287 26
1875.5 0.9399767195776609 27
1876.5 0.9513125819981381 25
1877.5 0.9446699007280637 27
1878.5 0.995146601168468 27
1879.5 0.9920264589804306 29
1880.5 0.9608146343776556 30
1881.5 0.9977645642618294 30
1882.5 1.0148808013561559 30
1883.5 1.0006362032711178 29
1884.5 1.0146844019988286 31
1885.5 0.9921142926993846 33
1886.5 1.0220665707728354 32
1887.5 1.0326997755881393 33
1888.5 1.0115621325448576 33
1889.5 1.0705738454746783 34
1890.5 1.0787755260998484 36
1891.5 1.1421443271585958 32
1892.5 1.1071227041961245 35
1893.5 1.0558128963233502 35
1894.5 1.0847923058380977 36
1895.5 1.078574984549003 35
1896.5 1.0916318716290392 36
1897.5 1.063708036961555 35
1898.5 1.0500259289697742 35
1899.5 1.0836897465296564 36
1900.5 1.0345938411025826 37
1901.5 1.0756972831311329 37
1902.5 1.0612741328789497 38
1903.5 1.081306318274574 38
1904.5 1.118478529512155 38
1905.5 1.0821802114139398 38
1906.5 1.1572989888980243 37
1907.5 1.1059153740488878 36
1908.5 1.0396258900209305 37
1909.5 1.1281688736088307 37
1910.5 1.0723155734053278 37
1911.5 1.0677701954533219 38
1912.5 1.1564705862226783 38
1913.5 1.1253039260485842 38
1914.5 1.0561165296595707 37
1915.5 1.0377133469865334 38
1916.5 1.0363938096779381 37
1917.5 0.9819872757210415 38
1918.5 0.9631486608751824 38
1919.5 0.949421944147373 38
1920.5 0.9369813248803718 38
1921.5 0.9344150472445887 36
1922.5 0.9175043232621313 37
1923.5 0.9176980343435325 37
1924.5 0.9079436433203432 38
1925.5 0.9443457722778495 37
1926.5 0.9452515187288149 37
1927.5 0.8755243343211272 36
1928.5 0.8642037748240069 37
1929.5 0.8562687067314372 36
1930.5 0.8500505246082789 37
1931.5 0.8644378155721019 36
1932.5 0.855431349381196 38
1933.5 0.8203142065560975 38
1934.5 0.8396538584962295 37
1935.5 0.8484925696277593 37
1936.5 0.8490596476537055 37
1937.5 0.8445532566176562 36
1938.5 0.8156420543841625 36
1939.5 0.8243501156831763 36
1940.5 0.8150374810964159 38
1941.5 0.8073852947819374 38
1942.5 0.7893468206778196 38
1943.5 0.834936374794068 37
1944.5 0.8058872605475194 37
1945.5 0.8038256755814714 37
1946.5 0.7861308589172727 37
1947.5 0.7851576484511856 38
1948.5 0.8035166641437143 38
1949.5 0.8269059096589348 38
1950.5 0.7889462847307094 36
1951.5 0.7877467357687039 37
1952.5 0.7723782363662216 35
1953.5 0.7874582430213113 38
1954.5 0.7797917718757188 37
1955.5 0.7715495799518337 36
1956.5 0.7639081453429447 37
1957.5 0.765413400786078 38
1958.5 0.7689552749641685 38
1959.5 0.7716779753622622 37
1960.5 0.7746206808651659 37
1961.5 0.7311864646607151 36
1962.5 0.7223487109287887 34
1963.5 0.7350141395553307 37
1964.5 0.7250298923474702 38
1965.5 0.744592201147075 37
1966.5 0.7332735085139577 35
1967.5 0.7566658919501094 35
1968.5 0.711022903131532 34
1969.5 0.7236001292699773 36
1970.5 0.7347023260302529 36
1971.5 0.7510966218852322 38
1972.5 0.7133349501077537 36
1973.5 0.7209441872375062 35
1974.5 0.7210202966698472 37
1975.5 0.7385161489979402 36
1976.5 0.7118081981582538 38
1977.5 0.7305232443413325 38
1978.5 0.7382105900056807 37
1979.5 0.7615407537433847 36
1980.5 0.7231244111280536 36
1981.5 0.7562809124962859 34
1982.5 0.7422868074636177 38
1983.5 0.763932152566129 38
1984.5 0.8049900040353271 37
1985.5 0.7472550807574783 37
1986.5 0.7408565508771907 37
1987.5 0.7829805768509703 38
1988.5 0.761474605360356 38
1989.5 0.7468115636645487 37
1990.5 0.726621100211955 36
1991.5 0.7191872630205927 36
1992.5 0.7426679627963901 36
1993.5 0.7532736730527462 36
1994.5 0.7164207672532265 37
1995.5 0.7310724002202047 38
1996.5 0.7008743286003047 38
1997.5 0.7323038741304544 36
1998.5 0.7780668783810402 37
1999.5 0.7581790923938712 38
2000.5 0.754925709599743 38
2001.5 0.7091132150829049 36
2002.5 0.7114947111162973 35
2003.5 0.7543851827902386 38
2004.5 0.7500506436384401 37
2005.5 0.7375339737882955 38
2006.5 0.723186057905533 37
2007.5 0.7294316484334502 36
2008.5 0.7419603845477343 38
2009.5 0.7518292100473358 37
2010.5 0.7078107435899057 37
2011.5 0.7676456606844775 38
2012.5 0.7347539892845246 38
2013.5 0.7450211616436317 38
2014.5 0.717660105509956 35
2015.5 0.7176617715935856 38
2016.5 0.68685202650149 35
2017.5 0.6973599939292545 38
2018.5 0.7069152740639233 38
2019.5 0.7033141768645066 37
2020.5 0.7007957139480487 37
2021.5 0.7456548661968666 37
2022.5 0.7002832759512322 38
2023.5 0.7207978587519452 37
2024.5 0.7172736033725147 38
2025.5 0.7060244739919825 37
2026.5 0.7214421765189153 37
2027.5 0.6898034580608599 36
2028.5 0.6946614661018734 38
2029.5 0.7057559937514388 38
2030.5 0.7402311898895682 37
2031.5 0.7187277252495292 38
2032.5 0.733539171159216 37
2033.5 0.6972672602486355 37
2034.5 0.6838203062032553 37
2035.5 0.7339734617210788 37
2036.5 0.7293505087728582 36
2037.5 0.7383516257516836 37
2038.5 0.7137760839401208 35
2039.5 0.7316979226228987 35
2040.5 0.7258806847914735 36
2041.5 0.7218557146955866 37
2042.5 0.7248347593912436 38
2043.5 0.7295854867688237 37
2044.5 0.7161470924335653 37
2045.5 0.7173248930374179 38
2046.5 0.7301746012410967 37
2047.5 0.7034213418303746 37
2048.5 0.7185168692336532 38
2049.5 0.7356738770980621 38
2050.5 0.7244146081595977 35
2051.5 0.7176600906343432 37
2052.5 0.7204417915692736 35
2053.5 0.7212761107835256 37
2054.5 0.749939646736957 37
2055.5 0.7361063172275877 36
2056.5 0.7795694936192348 36
2057.5 0.7219645839873293 35
2058.5 0.7481475307100682 34
2059.5 0.7437528812473958 36
2060.5 0.7639484098072425 35
2061.5 0.7570271191380056 35
2062.5 0.7559283794673167 36
2063.5 0.7426273418920614 36
2064.5 0.7457505250894982 38
2065.5 0.7760556347228766 36
2066.5 0.762145069835494 36
2067.5 0.7554378412723077 38
2068.5 0.7797437418339538 36
2069.5 0.7864164229577144 38
2070.5 0.7670873757648912 37
2071.5 0.7381586453253663 37
2072.5 0.7706026074205372 36
2073.5 0.746718864994527 37
2074.5 0.6948270520220594 35
2075.5 0.7385754313265702 36
2076.5 0.7374589628115849 37
2077.5 0.7543981611057732 37
2078.5 0.7307448525694227 36
2079.5 0.7182823664162119 38
2080.5 0.7160180889239198 38
2081.5 0.7437166426655781 37
2082.5 0.7590873737682118 38
2083.5 0.7450285186745446 38
2084.5 0.7048662012378262 37
2085.5 0.730090631001826 37
2086.5 0.7090192790174988 37
2087.5 0.71736018006984 37
2088.5 0.7155557316608508 36
2089.5 0.7200876788963052 35
2090.5 0.7097003486235111 37
2091.5 0.7388393892464061 37
2092.5 0.6745764511274767 35
2093.5 0.6890996940954685 38
2094.5 0.696646486201624 35
2095.5 0.6918761206600808 37
2096.5 0.7004125262433559 38
2097.5 0.6852085281672282 38
2098.5 0.7074830985534686 37
2099.5 0.702282911529218 38
2100.5 0.6812314124095685 38
2101.5 0.6988778513741367 36
2102.5 0.6990742235737597 37
2103.5 0.6983211600680288 35
2104.5 0.7063804217264672 36
2105.5 0.6726852991525493 38
2106.5 0.677207657053678 36
2107.5 0.7667899790549624 36
2108.5 0.717176773570374 37
2109.5 0.7025813204980094 34
2110.5 0.6587834709835627 37
2111.5 0.6550820937295659 36
2112.5 0.6761169821574811 37
2113.5 0.6620943439290385 37
2114.5 0.663384552764601 36
2115.5 0.6748106651643746 36
2116.5 0.7269805844806965 37
2117.5 0.7070160311888015 36
2118.5 0.6577261330600802 35
2119.5 0.6757453906162022 37
2120.5 0.6918000176501087 36
2121.5 0.6242825605423095 36
2122.5 0.6780966600880302 37
2123.5 0.6658750565853281 35
2124.5 0.6818096043450246 37
2125.5 0.6276376712485693 35
2126.5 0.6412812554850966 35
2127.5 0.6530490015051397 36
2128.5 0.6778226897585218 34
2129.5 0.6723615615429112 36
2130.5 0.6706701681084474 37
2131.5 0.6863425658084064 33
2132.5 0.6478675692092648 36
2133.5 0.6492997583486282 34
2134.5 0.6582045277063695 37
2135.5 0.6829192677030467 37
2136.5 0.6595820795825108 37
2137.5 0.6927697695162148 37
2138.5 0.6710071584719318 37
2139.5 0.624433988914082 34
2140.5 0.6617176254187129 36
2141.5 0.6849694159904357 37
2142.5 0.6598128331604256 37
2143.5 0.6695515853974343 37
2144.5 0.6699123761871333 36
2145.5 0.6517168012565754 37
2146.5 0.6809460612514364 34
2147.5 0.6476330939391597 36
2148.5 0.7016934342551959 32
2149.5 0.6900247981358509 35
2150.5 0.6618596917568123 37
2151.5 0.63351587149183 34
2152.5 0.6477465253730488 37
2153.5 0.67679224799255 37
2154.5 0.6336631978180343 36
2155.5 0.6289448475726687 36
2156.5 0.6435345960040095 37
2157.5 0.6373189953243337 37
2158.5 0.6728878288134017 37
2159.5 0.6300073695092683 35
2160.5 0.6256147763203148 36
2161.5 0.6202422211685683 34
2162.5 0.6178231625612634 35
2163.5 0.6344795201034508 35
2164.5 0.6672112130070033 35
2165.5 0.6252345880533801 32
2166.5 0.6201268057194518 36
2167.5 0.6504680585999041 34
2168.5 0.6676018573525321 35
2169.5 0.6355488108026389 36
2170.5 0.6455177150306243 36
2171.5 0.6444279002484106 34
2172.5 0.6300295115748803 36
2173.5 0.6425305644276622 31
2174.5 0.6512995606659269 35
2175.5 0.6806258127110265 32
2176.5 0.6461359404317696 34
2177.5 0.6205243473197486 35
2178.5 0.6348080043881245 35
2179.5 0.6441542680375979 33
2180.5 0.6709937158631223 34
2181.5 0.6174688781439509 34
2182.5 0.6380980729541181 34
2183.5 0.6421647407111707 33
2184.5 0.6239024250160209 35
2185.5 0.6146307195255346 33
2186.5 0.6064677405021652 32
2187.5 0.6380704246477543 33
2188.5 0.6138193796053283 33
2189.5 0.6454384994276927 31
2190.5 0.6267445395477409 32
2191.5 0.6104916182033175 33
2192.5 0.6269866791907648 33
2193.5 0.633981417296358 33
2194.5 0.5921188500416658 35
2195.5 0.6123687119564369 34
2196.5 0.595206452146542 34
2197.5 0.613323369121566 35
2198.5 0.6201835237805312 33
2199.5 0.6059602161344539 34
2200.5 0.6202672814431556 33
2201.5 0.5987040569761506 33
2202.5 0.6122965272173847 33
2203.5 0.6322133762833188 34
2204.5 0.6402201297751388 33
2205.5 0.6030639585680586 32
2206.5 0.6066551216132857 33
2207.5 0.611209879405515 33
2208.5 0.6597381719696735 32
2209.5 0.6353226885038356 33
2210.5 0.6509088304035218 34
2211.5 0.6382904976504471 34
2212.5 0.6072922621510106 33
2213.5 0.6059144387932871 34
2214.5 0.6268424081775468 35
2215.5 0.6408955078066467 33
2216.5 0.616141520892743 34
2217.5 0.6386113262592183 31
2218.5 0.6154007738087013 34
2219.5 0.6284363104868731 34
2220.5 0.6716825885813131 34
2221.5 0.5785539717241377 33
2222.5 0.6324274816462885 35
2223.5 0.6282981447670736 34
2224.5 0.6469747495728914 34
2225.5 0.6418498056708187 34
2226.5 0.6262428695502629 33
2227.5 0.6217040777126484 34
2228.5 0.5991704940589788 33
2229.5 0.6345597330544371 35
2230.5 0.6142395168622439 35
2231.5 0.6138547555720375 34
2232.5 0.5967005906021039 35
2233.5 0.57370610148001 34
2234.5 0.6062562341278477 32
2235.5 0.6391010328714994 34
2236.5 0.65117700584258 33
2237.5 0.6240085678261302 34
2238.5 0.622967151287573 33
2239.5 0.5920315751407287 33
2240.5 0.5763882805259217 34
2241.5 0.6135490053981056 33
2242.5 0.5776332902407955 32
2243.5 0.5909131852001536 34
2244.5 0.5835832599286064 32
2245.5 0.6325321745100013 35
2246.5 0.6110968765759442 35
2247.5 0.5968019114289369 34
2248.5 0.640098069942124 34
2249.5 0.5976675221498693 34
2250.5 0.6042529110460667 33
2251.5 0.6455599781052126 35
2252.5 0.6044885759813576 34
2253.5 0.6715100307956767 32
2254.5 0.6224464718227909 34
2255.5 0.6198819782073193 34
2256.5 0.6282026576069797 33
2257.5 0.598529069245983 34
2258.5 0.5995620231679432 33
2259.5 0.6331169646477667 35
2260.5 0.6381247985653326 34
2261.5 0.608289234657899 35
2262.5 0.6187860891188661 35
2263.5 0.6152082767468585 34
2264.5 0.6481671236932006 35
2265.5 0.6279342611210039 35
2266.5 0.6106744665769931 33
2267.5 0.5965942585498145 36
2268.5 0.6326697990535048 36
2269.5 0.6253175219790956 34
2270.5 0.6495286702019858 34
2271.5 0.6451546006237213 33
2272.5 0.6189489137601454 32
2273.5 0.6850662463183108 30
2274.5 0.6205066529424766 32
2275.5 0.6636209817697432 34
2276.5 0.6013115866390597 34
2277.5 0.650595720888666 34
2278.5 0.6378920359070666 34
2279.5 0.6438576132947613 34
2280.5 0.6257003273130399 35
2281.5 0.6040300993109042 33
2282.5 0.6230532396838253 34
2283.5 0.652909057403045 34
2284.5 0.59653719977956 32
2285.5 0.6262120508993206 34
2286.5 0.6021241225910464 33
2287.5 0.6268349753448561 32
2288.5 0.6331432698035186 32
2289.5 0.6151050048156013 34
2290.5 0.6732605904234383 32
2291.5 0.627694786784441 33
2292.5 0.6594802595944922 32
2293.5 0.6616908104114646 33
2294.5 0.6452013723979961 33
2295.5 0.6690741801337897 33
2296.5 0.661445297355469 32
2297.5 0.6169815579126099 31
2298.5 0.6431571119192709 32
2299.5 0.6425626726015569 32
2300.5 0.6358220550546296 30
2301.5 0.630629878363608 31
2302.5 0.6683549930476002 31
2303.5 0.6372828782011069 33
2304.5 0.6674462865122007 33
2305.5 0.6389737854201155 33
2306.5 0.6412113300093627 32
2307.5 0.6173180142266173 30
2308.5 0.6736886764932861 32
2309.5 0.6681222777941264 32
2310.5 0.6381674050977597 32
2311.5 0.6486755673222608 32
2312.5 0.7074440098478413 31
2313.5 0.6321675603156212 32
2314.5 0.6341266706235785 30
2315.5 0.6974278094124148 29
2316.5 0.6640637877246302 29
2317.5 0.6670050433677127 30
2318.5 0.6564315181742373 30
2319.5 0.6314001163535046 30
2320.5 0.6043553627293945 28
2321.5 0.6494887184360414 26
2322.5 0.6518966897593643 28
2323.5 0.6551922087791491 28
2324.5 0.6860931083117916 28
2325.5 0.635712021386845 28
2326.5 0.6416319482152173 26
2327.5 0.6805084213790711 28
2328.5 0.6543008711229715 27
2329.5 0.6606091140966486 28
2330.5 0.6821973743195748 28
2331.5 0.7011890089292248 26
2332.5 0.6134068538067944 27
2333.5 0.6249945452094539 26
2334.5 0.6149472947700996 26
2335.5 0.6237329829760588 26
2336.5 0.6443734788608064 25
2337.5 0.6678054884380432 23
2338.5 0.6368162716041796 25
2339.5 0.6320743369361324 24
2340.5 0.6250746229215709 26
2341.5 0.6125587511437345 26
2342.5 0.6213166514409559 25
2343.5 0.5867249891846561 25
2344.5 0.6063508773996652 25
2345.5 0.6025607593851037 22
2346.5 0.6110845374285213 22
2347.5 0.6004792033772723 25
2348.5 0.6191322112624352 24
2349.5 0.6295711624097003 23
2350.5 0.6256487371515198 24
2351.5 0.6045126187236198 22
2352.5 0.5901700737982166 23
2353.5 0.6166368859060025 23
2354.5 0.6181014366967073 23
2355.5 0.6077553193955523 24
2356.5 0.6078137574620457 24
2357.5 0.6471558762813429 21
2358.5 0.6245846098327399 24
2359.5 0.622108883153965 24
2360.5 0.5667710866702487 22
2361.5 0.6389126021040193 22
2362.5 0.5814872670645481 22
2363.5 0.6083997991522926 20
2364.5 0.5763426444152929 22
2365.5 0.5991558396043277 23
2366.5 0.5651975333947714 19
2367.5 0.6148881771637886 19
2368.5 0.5665292900874214 20
2369.5 0.5975369923671437 18
2370.5 0.6232654141223044 19
2371.5 0.5509267148146916 18
2372.5 0.6269105912990558 16
2373.5 0.6249250197754682 17
2374.5 0.586740339569338 16
2375.5 0.6284541398016442 16
2376.5 0.6099730718328454 15
2377.5 0.6285904681568549 15
2378.5 0.572427673345999 15
2379.5 0.6120834655721852 14
2380.5 0.5692741189714271 15
2381.5 0.579871148572834 17
2382.5 0.5792213130328703 14
2383.5 0.574365240340895 12
2384.5 0.631926861185541 13
2385.5 0.5777004586890517 12
2386.5 0.6011313963899061 12
2387.5 0.6148627014619664 11
2388.5 0.5681300199484628 12
2389.5 0.5578566034999327 11
2390.5 0.5476694685258084 11
2391.5 0.6326221443100064 10
2392.5 0.5243059440116056 10
2393.5 0.6290215584110078 9
2394.5 0.6204524947787979 8
2395.5 0.6472590176759571 9
2396.5 0.531778337640404 9
2397.5 0.617891922244606 9
2398.5 0.5661155686940779 9
2399.5 0.6393126158559201 9
2400.5 0.6208207191874746 9
2401.5 0.6401187701258539 9
2402.5 0.6007428071283483 8
2403.5 0.6236498667915971 7
2404.5 0.5622588208159922 8
2405.5 0.6540369731289053 7
2406.5 0.6290331965315039 7
2407.5 0.5999996430773987 7
2408.5 0.7472202916173987 6
2409.5 0.6389551363194134 7
2410.5 0.6673346289460864 7
2411.5 0.5586673696284781 7
2412.5 0.5899889231629358 7
2413.5 0.6296183389378276 7
2414.5 0.6158597717375615 6
2415.5 0.6995096536461123 4
2416.5 0.6530748811819348 5
2417.5 0.5824981057315655 5
2418.5 0.7683875442885526 5
2419.5 0.6080951854616611 6
2420.5 0.703988031662318 6
2421.5 0.7549278450381993 6
2422.5 0.6658347665534157 6
2423.5 0.6787308482051682 6
2424.5 0.6878248055080688 6
2425.5 0.7177700093700246 6
2426.5 0.6670500821345207 6
2427.5 0.6289890750708552 6
2428.5 0.5787908221002502 6
2429.5 0.6340455400828551 6
2430.5 0.6799444364126088 6
2431.5 0.6607463102640683 6
2432.5 0.688409795117257 6
2433.5 0.591998177780994 6
2434.5 0.6602890660690297 6
2435.5 0.6711591838985622 6
2436.5 0.650864365850691 6
2437.5 0.6211345615400065 6
2438.5 0.6421122375462938 6
2439.5 0.5763421815169667 6
2440.5 0.5601757302319524 7
2441.5 0.5578131798088588 7
2442.5 0.5889914718149403 7
2443.5 0.6040719314784385 7
2444.5 0.6299826457314636 7
2445.5 0.5901629028573078 7
2446.5 0.6530234461717803 8
2447.5 0.5807957634093011 8
2448.5 0.6196911731670338 8
2449.5 0.6413791001122645 9
2450.5 0.5892277664863095 9
2451.5 0.6497919724782535 8
2452.5 0.6010119119905198 8
2453.5 0.6249393111592882 8
2454.5 0.6650602700811107 7
2455.5 0.6057137932646383 8
2456.5 0.5945614998890396 8
2457.5 0.6440699038277116 9
2458.5 0.5736455420682878 9
2459.5 0.6029309262778193 8
2460.5 0.5782546048338255 8
2461.5 0.619457381525193 9
2462.5 0.5927053186792779 9
2463.5 0.6415007816191663 9
2464.5 0.5759781548042515 10
2465.5 0.5798748055719554 10
2466.5 0.5515873914447523 10
2467.5 0.6304642247133572 10
2468.5 0.5527023248755477 10
2469.5 0.6320384626146927 10
2470.5 0.5442054071747036 11
2471.5 0.6525478901519213 10
2472.5 0.6394309325907012 11
2473.5 0.6472564870051818 10
2474.5 0.6165733144932535 10
2475.5 0.6138962460844354 11
2476.5 0.6391073613632154 11
2477.5 0.6320825475459494 11
2478.5 0.5976125979135031 11
2479.5 0.6596813030772047 10
2480.5 0.6139881552064573 10
2481.5 0.5825508517320706 10
2482.5 0.5827538148583276 10
2483.5 0.6019839792107061 11
2484.5 0.5828779685789167 11
2485.5 0.5661037645793432 11
2486.5 0.6549659706890404 11
2487.5 0.5961890833449552 12
2488.5 0.5575067557920623 11
2489.5 0.661814546870259 12
2490.5 0.6576078412876933 12
2491.5 0.6007933909358167 13
2492.5 0.6046637589532677 13
2493.5 0.6440782857858796 14
2494.5 0.6249898305843659 13
2495.5 0.6400894187668349 15
2496.5 0.6374455328701281 16
2497.5 0.5853770723831422 15
2498.5 0.6424004317178929 16
2499.5 0.6473344622842744 16
2500.5 0.6591296767283039 15
2501.5 0.6092457791221096 15
2502.5 0.6186448292908093 15
2503.5 0.6285719500513945 15
2504.5 0.5551561951476159 15
2505.5 0.6647787572983666 16
2506.5 0.6012096715714557 16
2507.5 0.6948361718217622 17
2508.5 0.6070862708327127 17
2509.5 0.6169735378246534 17
2510.5 0.6261054752507507 18
2511.5 0.6140193292639683 19
2512.5 0.5748124610394465 20
2513.5 0.6482711340952515 20
2514.5 0.7134826500746273 20
2515.5 0.6025530694007986 19
2516.5 0.6178300547974198 19
2517.5 0.6050547564408982 19
2518.5 0.6330978400065934 20
2519.5 0.6385699376264832 20
2520.5 0.5923913553290521 21
2521.5 0.6282861290699614 21
2522.5 0.5538572504752812 22
2523.5 0.6445580705641214 22
2524.5 0.6226047182184687 22
2525.5 0.6611994552281903 22
2526.5 0.6198710357916095 21
2527.5 0.6089272435841827 23
2528.5 0.6492669308181725 23
2529.5 0.5956848676709359 23
2530.5 0.6224086865004426 24
2531.5 0.58045527415921 24
2532.5 0.6104273463556111 24
2533.5 0.5898133243026573 25
2534.5 0.6100769411526002 23
2535.5 0.6271681625621961 25
2536.5 0.5969659374844009 24
2537.5 0.6156398597650107 24
2538.5 0.611846109252976 25
2539.5 0.6025984655566039 25
2540.5 0.5950800100840934 25
2541.5 0.6021154842772926 25
2542.5 0.6407931621736042 26
2543.5 0.584646494096271 27
2544.5 0.5749584775036215 27
2545.5 0.6186429178084908 26
2546.5 0.6103673033618966 26
2547.5 0.6090052287691474 28
2548.5 0.5943355921996559 27
2549.5 0.6051405626898961 27
2550.5 0.5984586574732063 29
2551.5 0.5795768275369159 29
2552.5 0.5984255586010258 29
2553.5 0.6226766436625889 27
2554.5 0.6293552369908834 28
2555.5 0.614937543701298 27
2556.5 0.6015900313884459 27
2557.5 0.5993236850887972 27
2558.5 0.5837058108991529 29
2559.5 0.6046386998681885 28
2560.5 0.658854002508551 28
2561.5 0.5649197981751898 27
2562.5 0.6197743971305543 30
2563.5 0.5754281678355444 29
2564.5 0.5879168453569891 30
2565.5 0.5719744221305841 31
2566.5 0.5717120211105429 29
2567.5 0.5835196128441418 30
2568.5 0.561678545040265 31
2569.5 0.6106872162332847 31
2570.5 0.5739756716026353 33
2571.5 0.5876942161673211 33
2572.5 0.54158177317259 33
2573.5 0.5350786462272734 34
2574.5 0.5559569326730694 35
2575.5 0.5795808743460724 31
2576.5 0.5477852571586312 32
2577.5 0.5651849192398084 34
2578.5 0.5556470734329576 34
2579.5 0.5629413240899027 35
2580.5 0.6088386946253161 34
2581.5 0.5346810062817221 35
2582.5 0.5657958751483798 32
2583.5 0.5622485193221138 34
2584.5 0.5704632731622483 36
2585.5 0.5442354180604279 36
2586.5 0.5141751249495538 36
2587.5 0.5163832882407262 35
2588.5 0.5316190177114772 36
2589.5 0.5035405026281286 36
2590.5 0.5461823590151584 35
2591.5 0.5573241499076329 36
2592.5 0.5203781775259567 37
2593.5 0.5343837601527633 37
2594.5 0.5587654894285294 37
2595.5 0.5224469453820615 37
2596.5 0.5434106575559129 37
2597.5 0.5271082953388322 36
2598.5 0.5358162797367697 36
2599.5 0.5197800051205455 37
2600.5 0.5475544730259715 37
2601.5 0.5193849118068399 36
2602.5 0.5422958128254978 36
2603.5 0.5514584081297897 37
2604.5 0.5317897200533331 36
2605.5 0.5403621965832937 36
2606.5 0.5092480067670468 37
2607.5 0.5645449430650861 35
2608.5 0.5549163607571952 37
2609.5 0.5728171670841496 35
2610.5 0.5604298517883689 35
2611.5 0.5604625762507192 34
2612.5 0.562946274190766 37
2613.5 0.5565486831833155 36
2614.5 0.5127645445178092 34
2615.5 0.5622965615343968 36
2616.5 0.5379150503969878 36
2617.5 0.5560959331774438 33
2618.5 0.5427612898499614 36
2619.5 0.5400731695372962 34
2620.5 0.5473331606869103 36
2621.5 0.5254582309101856 37
2622.5 0.5406531139916454 35
2623.5 0.5484651486059151 36
2624.5 0.5243623521288884 35
2625.5 0.5256216778341695 35
2626.5 0.514913429962742 37
2627.5 0.5439611227225976 35
2628.5 0.526420209120444 36
2629.5 0.5399431100165618 35
2630.5 0.5420316272106125 35
2631.5 0.5246280915511292 35
2632.5 0.5090763270741657 35
2633.5 0.5084424734310826 34
2634.5 0.5418513639628941 34
2635.5 0.5373961768572981 35
2636.5 0.5606946264562641 35
2637.5 0.5307833368934151 35
2638.5 0.5439095788648124 36
2639.5 0.5035164453080022 35
2640.5 0.5180011948526206 34
2641.5 0.5131077410788167 35
2642.5 0.5579152934107556 34
2643.5 0.4682357351608339 33
2644.5 0.5494136543680613 33
2645.5 0.5645288166343903 33
2646.5 0.4884513290166879 35
2647.5 0.5182143979964198 33
2648.5 0.4994109396969277 34
2649.5 0.5331681652793263 35
2650.5 0.4886114614335995 35
2651.5 0.46097879380700557 33
2652.5 0.4627404756494356 35
2653.5 0.4746769728974547 34
2654.5 0.48453437406210603 37
2655.5 0.5034519251313303 37
2656.5 0.4976273151448223 36
2657.5 0.506362013819979 33
2658.5 0.5251798912321275 35
2659.5 0.5135145214528688 33
2660.5 0.5165427759875235 36
2661.5 0.5120985460908435 35
2662.5 0.49761460263990454 36
2663.5 0.4854696355086138 36
2664.5 0.5309173382016289 37
2665.5 0.4996772278344477 36
2666.5 0.490541490026027 36
2667.5 0.49225255897814857 37
2668.5 0.5296994119719343 34
2669.5 0.5050401020308855 32
2670.5 0.5024471329742968 36
2671.5 0.4877857498923897 37
2672.5 0.5024045331152032 37
2673.5 0.4883792947578274 37
2674.5 0.5192154868122029 37
2675.5 0.5258950063919892 35
2676.5 0.5099309500342794 37
2677.5 0.5064372237620852 36
2678.5 0.5079877732203923 37
2679.5 0.5252969879638085 35
2680.5 0.4824242610351267 34
2681.5 0.520637507331305 36
2682.5 0.502695098315547 37
2683.5 0.49788358272474953 37
2684.5 0.49272027299212484 35
2685.5 0.5008031301036482 34
2686.5 0.5256297765792799 36
2687.5 0.5093185266615479 37
2688.5 0.485326705418647 35
2689.5 0.4974747779326774 37
2690.5 0.5225142695634227 36
2691.5 0.5024195020511594 37
2692.5 0.5100054559384191 36
2693.5 0.4743928285910524 35
2694.5 0.4876862250564596 37
2695.5 0.5133942492645774 37
2696.5 0.4853425979362502 36
2697.5 0.49358565130907317 35
2698.5 0.5199843548327983 36
2699.5 0.4995355973772271 37
2700.5 0.5245417710814566 35
2701.5 0.4989680597795987 35
2702.5 0.5015427167070575 35
2703.5 0.5024751923991018 34
2704.5 0.5054325048116274 35
2705.5 0.5056179810948973 34
2706.5 0.5017723699183768 35
2707.5 0.48906696099002284 35
2708.5 0.5115594089427863 35
2709.5 0.5121444419312267 34
2710.5 0.5319328138054514 33
2711.5 0.5402491509644978 36
2712.5 0.5056871817190549 36
2713.5 0.5146411723234998 32
2714.5 0.5323888680112925 34
2715.5 0.5453507549874113 35
2716.5 0.4995066887152708 36
2717.5 0.5214812279319292 35
2718.5 0.5107468075527775 34
2719.5 0.49468530943622285 34
2720.5 0.5366439619647322 35
2721.5 0.528705314836396 36
2722.5 0.5059474580316472 35
2723.5 0.5171943689085324 36
2724.5 0.5518062982313727 36
2725.5 0.5288188453234852 34
2726.5 0.522391498015676 35
2727.5 0.547930710207615 36
2728.5 0.4971958176534019 34
2729.5 0.5194554643715545 36
2730.5 0.53713327947725 35
2731.5 0.5529641630902031 36
2732.5 0.5214878162978605 35
2733.5 0.5525402264246372 35
2734.5 0.5604349141864798 36
2735.5 0.5272637964100337 36
2736.5 0.5303833379371956 37
2737.5 0.532351244823762 36
2738.5 0.5218422156785824 37
2739.5 0.5512154168445883 37
2740.5 0.5440551515601211 37
2741.5 0.5153224389218187 38
2742.5 0.5243840305004535 36
2743.5 0.584508147536182 38
2744.5 0.531010133338928 37
2745.5 0.5757250768690669 38
2746.5 0.5504170668621594 37
2747.5 0.5620137087954433 37
2748.5 0.579196204024242 37
2749.5 0.5585080924025346 36
2750.5 0.5631763070734822 37
2751.5 0.5376277979785642 37
2752.5 0.5764656827480935 38
2753.5 0.5292450571906602 38
2754.5 0.5718784525507078 36
2755.5 0.5728177001169964 35
2756.5 0.5648328680556036 38
2757.5 0.5740532847066758 37
2758.5 0.5691611727286715 36
2759.5 0.5688872913857974 38
2760.5 0.5457668583662526 37
2761.5 0.5453315415226057 36
2762.5 0.5659277090702233 36
2763.5 0.5586033456865618 36
2764.5 0.5519970272325736 37
2765.5 0.5838857786963998 38
2766.5 0.5629042521167896 37
2767.5 0.562918226747514 37
2768.5 0.5564990023360661 35
2769.5 0.5680661222015955 36
2770.5 0.5790227956339609 35
2771.5 0.5915012346563668 36
2772.5 0.592233129414715 37
2773.5 0.5487400941620237 34
2774.5 0.5500775367931643 36
2775.5 0.5773597953501346 36
2776.5 0.6116323329041511 36
2777.5 0.5729782207321554 36
2778.5 0.5992135903205433 36
2779.5 0.6016434448437595 38
2780.5 0.625285426789391 36
2781.5 0.6560848265461868 37
2782.5 0.6111743169344496 37
2783.5 0.6497389236596927 38
2784.5 0.6353535939602915 38
2785.5 0.6474603805625057 38
2786.5 0.6448301586772344 38
2787.5 0.6689240654747008 38
2788.5 0.6964959119139608 38
2789.5 0.6970080739894522 36
2790.5 0.7236121723765467 38
2791.5 0.7301673205875853 38
2792.5 0.7434325064876524 36
2793.5 0.7384493085417628 37
2794.5 0.7323985535349706 36
2795.5 0.7593779379684249 37
2796.5 0.778780910256294 37
2797.5 0.788625843399561 37
2798.5 0.816512825257331 37
2799.5 0.7773371583003585 37
2800.5 0.7780912710331382 37
2801.5 0.8143016579190527 37
2802.5 0.7728036627418579 37
2803.5 0.7894092118955695 37
2804.5 0.7854612657900614 37
2805.5 0.7329341967549838 37
2806.5 0.7864406637664175 37
2807.5 0.7464919867921863 37
2808.5 0.7119355255471391 37
2809.5 0.7004629748656712 37
2810.5 0.6834889706841963 36
2811.5 0.660777638523053 37
2812.5 0.640515698688831 35
2813.5 0.6557534140956592 36
2814.5 0.6304283334239236 36
2815.5 0.6165275889897073 37
2816.5 0.5730805996514354 35
2817.5 0.5870589492031278 37
2818.5 0.579903623086617 36
2819.5 0.5676784530425536 37
2820.5 0.5392090311688816 35
2821.5 0.572924052324582 36
2822.5 0.544336517560295 37
2823.5 0.5502599666059119 37
2824.5 0.5343908685042282 35
2825.5 0.521106236364451 34
2826.5 0.5293962834016923 36
2827.5 0.5201212541003065 36
2828.5 0.5644370028117622 36
2829.5 0.5290947510877236 36
2830.5 0.5076582718965474 37
2831.5 0.5305319157125523 38
2832.5 0.5329308941127597 36
2833.5 0.522314413329694 36
2834.5 0.5326900239025473 38
2835.5 0.5342651314459891 37
2836.5 0.5086261062166113 38
2837.5 0.5248684546863016 37
2838.5 0.5162884152286644 36
2839.5 0.5341354497953528 38
2840.5 0.5142684068382777 37
2841.5 0.5211081534902058 35
2842.5 0.5182692570930119 36
2843.5 0.4984566971406894 36
2844.5 0.5354958658095569 36
2845.5 0.4941910626202517 37
2846.5 0.5270620609230536 37
2847.5 0.5108923741087414 36
2848.5 0.5291964056252849 37
2849.5 0.521932837682675 36
2850.5 0.5093158961112081 36
2851.5 0.512553787884894 36
2852.5 0.48855016892840725 36
2853.5 0.5168285086975019 37
2854.5 0.5007119735863514 37
2855.5 0.520989540835532 37
2856.5 0.4954021026749129 36
2857.5 0.5395294813388398 37
2858.5 0.48052030982825644 35
2859.5 0.5038248665962697 33
2860.5 0.46948698043548776 35
2861.5 0.4813961166730596 35
2862.5 0.499349755783956 35
2863.5 0.5013281857808638 36
2864.5 0.48059035574222875 33
2865.5 0.49595917300104786 35
2866.5 0.5029181072347806 36
2867.5 0.47535746853663596 36
2868.5 0.4577914554935458 35
2869.5 0.4880858315184439 33
2870.5 0.5144418726243202 34
2871.5 0.5118811376732487 35
2872.5 0.5025343985783577 35
2873.5 0.5017394771390498 34
2874.5 0.4935610255998857 34
2875.5 0.4933548042716308 33
2876.5 0.47333656453881096 35
2877.5 0.4696885876117297 34
2878.5 0.4703476544672075 33
2879.5 0.4741669670546802 33
2880.5 0.477403957593035 35
2881.5 0.5065722273160136 35
2882.5 0.4362617506882651 32
2883.5 0.4817144804228026 34
2884.5 0.4654149892918691 34
2885.5 0.5157654317494648 33
2886.5 0.467852779637334 33
2887.5 0.46127765839002466 34
2888.5 0.46943642029744426 34
2889.5 0.4940274906701998 32
2890.5 0.4693845210622993 33
2891.5 0.4652535934410547 33
2892.5 0.4712115139901605 33
2893.5 0.4684957793701761 32
2894.5 0.48852101008088 34
2895.5 0.44977030335844603 33
2896.5 0.4459962694351257 33
2897.5 0.5101919629766533 34
2898.5 0.4894875694400357 30
2899.5 0.48560817571785864 32
2900.5 0.4530897909519752 31
2901.5 0.45778503371724616 32
2902.5 0.4654264953521405 31
2903.5 0.46864159162072444 30
2904.5 0.4576680865812392 32
2905.5 0.4644010137734178 32
2906.5 0.4707461232939271 32
2907.5 0.4514111180323741 30
2908.5 0.4549853574155151 29
2909.5 0.42875621435122996 30
2910.5 0.48393630619591477 32
2911.5 0.45343134077810654 31
2912.5 0.4436753465794925 32
2913.5 0.4584505715883353 32
2914.5 0.4416469934946455 31
2915.5 0.441740055739787 33
2916.5 0.43786248440153297 31
2917.5 0.46521525178876566 32
2918.5 0.42465788632051826 32
2919.5 0.4777758054780471 32
2920.5 0.45892225732182923 33
2921.5 0.4461406920753494 33
2922.5 0.46478354072837025 33
2923.5 0.45040686937375707 33
2924.5 0.44774882703782704 33
2925.5 0.4643674945557812 33
2926.5 0.45732396062368075 32
2927.5 0.44769122029176994 33
2928.5 0.49616929588450953 33
2929.5 0.4586135286617511 33
2930.5 0.46218760244189144 33
2931.5 0.44553473971406654 32
2932.5 0.4691794574600324 32
2933.5 0.5362415759240023 33
2934.5 0.5215498630805487 32
2935.5 0.4830419385156548 32
2936.5 0.4928952306995603 33
2937.5 0.4756981182739704 32
2938.5 0.4532683147305032 31
2939.5 0.4812250005566141 32
2940.5 0.46688353484130296 29
2941.5 0.49141388913151585 31
2942.5 0.4689248916642784 30
2943.5 0.4622782833909736 30
2944.5 0.4531718726088325 29
2945.5 0.4875321378395367 31
2946.5 0.44780093399963095 31
2947.5 0.47587895968210947 31
2948.5 0.46017786635756786 30
2949.5 0.43826679913221656 31
2950.5 0.4521349391627676 30
2951.5 0.4970190689925871 30
2952.5 0.47428948791308856 30
2953.5 0.47444402459253776 30
2954.5 0.4639849499939596 30
2955.5 0.47770725167298617 29
2956.5 0.48953965750617484 30
2957.5 0.4727095177109002 30
2958.5 0.5119258947378389 30
2959.5 0.45862648417377194 29
2960.5 0.4793523311487068 28
2961.5 0.4979474131485943 29
2962.5 0.5012588477812583 29
2963.5 0.4463314356782082 29
2964.5 0.48229088832915634 29
2965.5 0.46789608419524537 29
2966.5 0.47763011698797897 28
2967.5 0.4472375454378418 28
2968.5 0.4953507157441113 27
2969.5 0.486697935585486 28
2970.5 0.46465160142685313 26
2971.5 0.4423407968102082 28
2972.5 0.4822460160986957 27
2973.5 0.4645997304904154 27
2974.5 0.4658824910283701 27
2975.5 0.4707913858801427 26
2976.5 0.4454557715868495 27
2977.5 0.47378445709517636 27
2978.5 0.4529417287058277 26
2979.5 0.4732490431253691 27
2980.5 0.4571651701819499 27
2981.5 0.4432501341411277 26
2982.5 0.44015351477372044 26
2983.5 0.4527518970882868 26
2984.5 0.45912589583834273 26
2985.5 0.4594475114358334 26
2986.5 0.4559001352016581 27
2987.5 0.4773257890320432 27
2988.5 0.4506988793465319 27
2989.5 0.46625401333290967 27
2990.5 0.427761264473414 26
2991.5 0.4159474230244474 26
2992.5 0.48269637542226673 26
2993.5 0.4212959258931253 25
2994.5 0.4581828642262783 25
2995.5 0.4048590369386785 26
2996.5 0.44386931899564025 25
2997.5 0.4385168385394387 26
2998.5 0.46121909499380176 25
